4.187615763166150000e+13
1.683041955786255371e+12
1.614211617158090576e+12
7.005603115643798828e+11
6.515305268225994873e+11
5.242416138560292358e+11
3.828095446514245605e+11
2.724924867470636902e+11
2.611779448624941101e+11
2.366630243347005920e+11
2.281771108820475769e+11
2.140338983302064209e+11
1.404892071390841675e+11
1.188029572785622253e+11
1.140885554410237885e+11
1.027739853995508728e+11
9.145942239730380249e+10
9.051653921410577393e+10
7.260180800792422485e+10
6.883028231435797119e+10
6.883028231435797119e+10
6.883028231435797119e+10
6.317300433284735870e+10
5.940147863928111267e+10
5.845859897569600677e+10
5.374419361854465485e+10
5.091555462778934479e+10
4.902979178100621796e+10
4.902979178100621796e+10
4.714403245383601379e+10
4.431538994346778870e+10
4.337250676026976776e+10
4.337250676026976776e+10
4.242962709668466187e+10
4.148674743309955597e+10
4.054386776951445770e+10
3.960098458631643677e+10
3.865810492273133087e+10
3.771522525914622498e+10
3.582946241236310577e+10
3.488658274877799988e+10
3.300081990199487305e+10
3.205794023840977097e+10
3.111506057482466888e+10
3.017218091123956680e+10
2.922929948784800339e+10
2.828641806445643997e+10
2.734353840087133789e+10
2.734353840087133789e+10
2.640065697747977448e+10
2.640065697747977448e+10
2.545777731389467239e+10
2.545777731389467239e+10
2.357201622691800690e+10
2.357201622691800690e+10
2.262913480352644348e+10
2.262913480352644348e+10
2.262913480352644348e+10
2.262913480352644348e+10
1.885761262957311249e+10
