1.064267082203092656e+14
2.644780184056226074e+12
1.144657073064578369e+12
7.891910914513154297e+11
6.977316690540117188e+11
3.865810492273132935e+11
3.507515868149501953e+11
3.450943017942137451e+11
2.847499470109604492e+11
2.423203093554370422e+11
2.055479707991017456e+11
1.923476484696844788e+11
1.734900270410790710e+11
1.725471508971068726e+11
1.536895435469531250e+11
1.338890459743755341e+11
1.254031184432708588e+11
1.159743147681939850e+11
1.037168685827489014e+11
9.805958356201243591e+10
9.711670037881442261e+10
7.825909302866067505e+10
7.825909302866067505e+10
7.731620984546266174e+10
7.260180800792422485e+10
7.165892482472621155e+10
7.165892482472621155e+10
7.071604868075401306e+10
6.600163980398974609e+10
6.411588047681954193e+10
6.317300433284735870e+10
6.223012114964933777e+10
5.657283612891287994e+10
5.562995646532778168e+10
5.374419361854465485e+10
5.280131395495954895e+10
5.280131395495954895e+10
5.280131395495954895e+10
4.997267144459132385e+10
4.997267144459132385e+10
4.902979178100621796e+10
4.620114927063799286e+10
4.337250676026976776e+10
4.242962709668466187e+10
4.148674743309955597e+10
4.148674743309955597e+10
3.960098458631643677e+10
3.771522525914622498e+10
3.771522525914622498e+10
3.677234559556112671e+10
3.677234559556112671e+10
3.582946241236310577e+10
3.488658274877799988e+10
3.394370308519289780e+10
3.394370308519289780e+10
3.300081990199487305e+10
3.300081990199487305e+10
3.205794023840977097e+10
2.922929948784800339e+10
2.828641806445643997e+10
2.828641806445643997e+10
2.734353840087133789e+10
2.734353840087133789e+10
2.734353840087133789e+10
2.734353840087133789e+10
2.640065697747977448e+10
2.545777731389467239e+10
2.545777731389467239e+10
2.451489589050310898e+10
2.451489589050310898e+10
2.451489589050310898e+10
2.451489589050310898e+10
2.357201622691800690e+10
2.262913480352644348e+10
2.168625338013488388e+10
2.168625338013488388e+10
2.168625338013488388e+10
2.168625338013488388e+10
2.168625338013488388e+10
2.168625338013488388e+10
2.074337371654977798e+10
1.980049229315821838e+10
1.980049229315821838e+10
1.980049229315821838e+10
1.885761262957311249e+10
1.885761262957311249e+10
