1.499840212952326953e+13
2.762640194798557739e+11
1.527466533245292664e+11
1.414320973615080261e+11
1.301175273200351257e+11
1.301175273200351257e+11
1.216315997889304504e+11
8.863077988693557739e+10
8.768789670373754883e+10
8.674501352053953552e+10
7.920196917263287354e+10
6.505876366001756287e+10
5.845859897569600677e+10
5.657283612891287994e+10
4.431538994346778870e+10
3.771522525914622498e+10
3.582946241236310577e+10
3.582946241236310577e+10
3.300081990199487305e+10
3.017218091123956680e+10
2.828641806445643997e+10
2.640065697747977448e+10
2.262913480352644348e+10
1.885761262957311249e+10
