7.051804088933790625e+13
1.851817588029021729e+12
1.123913657112673340e+12
5.412134689182386475e+11
4.950123266868264771e+11
3.837524067169450684e+11
3.733807268978959961e+11
3.535802293253184204e+11
3.234080519336917725e+11
3.196365192008997192e+11
2.762640194798557739e+11
2.687209821711749268e+11
2.206340594949150696e+11
1.980049334904209290e+11
1.895190059593162537e+11
1.876332395929201965e+11
1.866903634489479980e+11
1.631183472220299988e+11
1.536895435469531250e+11
1.404892071390841675e+11
1.329461698304033508e+11
1.310604034640073090e+11
1.272888848096669006e+11
1.159743147681939850e+11
1.037168685827489014e+11
9.805958356201243591e+10
9.145942239730380249e+10
8.863077988693557739e+10
7.071604868075401306e+10
6.883028231435797119e+10
6.411588047681954193e+10
6.128723796645131683e+10
6.034436182247913361e+10
5.657283612891287994e+10
5.562995646532778168e+10
5.468707680174267578e+10
5.468707680174267578e+10
4.902979178100621796e+10
4.620114927063799286e+10
4.525826960705288696e+10
4.431538994346778870e+10
4.431538994346778870e+10
4.431538994346778870e+10
4.242962709668466187e+10
4.148674743309955597e+10
4.054386776951445770e+10
4.054386776951445770e+10
4.054386776951445770e+10
4.054386776951445770e+10
3.771522525914622498e+10
3.677234559556112671e+10
3.677234559556112671e+10
3.488658274877799988e+10
3.394370308519289780e+10
3.300081990199487305e+10
3.300081990199487305e+10
3.111506057482466888e+10
3.111506057482466888e+10
3.111506057482466888e+10
3.017218091123956680e+10
3.017218091123956680e+10
2.922929948784800339e+10
2.922929948784800339e+10
2.828641806445643997e+10
2.828641806445643997e+10
2.734353840087133789e+10
2.734353840087133789e+10
2.734353840087133789e+10
2.640065697747977448e+10
2.640065697747977448e+10
2.640065697747977448e+10
2.545777731389467239e+10
2.545777731389467239e+10
2.451489589050310898e+10
2.451489589050310898e+10
2.357201622691800690e+10
2.357201622691800690e+10
2.357201622691800690e+10
2.357201622691800690e+10
2.357201622691800690e+10
2.262913480352644348e+10
2.168625338013488388e+10
1.980049229315821838e+10
1.980049229315821838e+10
1.885761262957311249e+10
