1.040031054687500000e+14
6.868129394531250000e+13
6.606486328125000000e+13
5.429092773437500000e+13
3.663002441406250000e+13
3.466770019531250000e+13
2.976189453125000000e+13
2.910778564453125000e+13
2.845367919921875000e+13
2.191260253906250000e+13
2.060438720703125000e+13
1.929617309570312500e+13
1.896911987304687500e+13
1.700679687500000000e+13
1.635268920898437500e+13
1.504447387695312500e+13
1.504447387695312500e+13
1.504447387695312500e+13
1.504447387695312500e+13
1.308215087890625000e+13
1.275509765625000000e+13
1.242804321289062500e+13
1.177393676757812500e+13
1.111982910156250000e+13
1.079277465820312500e+13
