4.222264453125000000e+14
1.860935937500000000e+14
9.680791992187500000e+13
9.419149414062500000e+13
8.993979492187500000e+13
8.568809570312500000e+13
8.372577148437500000e+13
7.293299316406250000e+13
6.671896972656250000e+13
6.606486328125000000e+13
6.148611328125000000e+13
6.115905761718750000e+13
4.578752929687500000e+13
4.088172363281250000e+13
3.957350830078125000e+13
3.761118408203125000e+13
3.630297119140625000e+13
3.139716308593750000e+13
2.878073242187500000e+13
2.420197998046875000e+13
2.387492675781250000e+13
2.354787353515625000e+13
2.256671142578125000e+13
2.223965820312500000e+13
2.191260253906250000e+13
2.093144287109375000e+13
2.093144287109375000e+13
2.060438720703125000e+13
2.027733520507812500e+13
1.962322753906250000e+13
1.962322753906250000e+13
1.896911987304687500e+13
1.831501220703125000e+13
1.831501220703125000e+13
1.733385009765625000e+13
1.733385009765625000e+13
1.733385009765625000e+13
1.700679687500000000e+13
1.667974243164062500e+13
1.602563598632812500e+13
1.602563598632812500e+13
1.569858154296875000e+13
1.537152832031250000e+13
1.504447387695312500e+13
1.504447387695312500e+13
1.373625854492187500e+13
1.275509765625000000e+13
1.275509765625000000e+13
1.242804321289062500e+13
1.242804321289062500e+13
1.210098999023437500e+13
1.210098999023437500e+13
1.144688232421875000e+13
1.144688232421875000e+13
1.144688232421875000e+13
1.111982910156250000e+13
1.111982910156250000e+13
1.111982910156250000e+13
1.046572143554687500e+13
1.046572143554687500e+13
1.046572143554687500e+13
1.046572143554687500e+13
