7.812500000000000000e-03 0.000000000000000000e+00 0.000000000000000000e+00 0.000000000000000000e+00 0.000000000000000000e+00 0.000000000000000000e+00
9.901046999999999626e-03 0.000000000000000000e+00 0.000000000000000000e+00 0.000000000000000000e+00 0.000000000000000000e+00 0.000000000000000000e+00
1.254793000000000054e-02 0.000000000000000000e+00 0.000000000000000000e+00 0.000000000000000000e+00 0.000000000000000000e+00 0.000000000000000000e+00
1.590242999999999865e-02 0.000000000000000000e+00 0.000000000000000000e+00 0.000000000000000000e+00 0.000000000000000000e+00 0.000000000000000000e+00
2.015368999999999841e-02 0.000000000000000000e+00 0.000000000000000000e+00 0.000000000000000000e+00 0.000000000000000000e+00 0.000000000000000000e+00
2.554145000000000026e-02 0.000000000000000000e+00 0.000000000000000000e+00 0.000000000000000000e+00 0.000000000000000000e+00 0.000000000000000000e+00
3.236954999999999694e-02 0.000000000000000000e+00 0.000000000000000000e+00 0.000000000000000000e+00 0.000000000000000000e+00 0.000000000000000000e+00
4.102303999999999673e-02 0.000000000000000000e+00 0.000000000000000000e+00 0.000000000000000000e+00 0.000000000000000000e+00 0.000000000000000000e+00
5.198988999999999694e-02 0.000000000000000000e+00 0.000000000000000000e+00 0.000000000000000000e+00 0.000000000000000000e+00 0.000000000000000000e+00
6.557709999999999928e-02 0.000000000000000000e+00 0.000000000000000000e+00 0.000000000000000000e+00 0.000000000000000000e+00 0.000000000000000000e+00
7.577322999999999698e-02 0.000000000000000000e+00 0.000000000000000000e+00 0.000000000000000000e+00 0.000000000000000000e+00 0.000000000000000000e+00
8.530242000000000380e-02 0.000000000000000000e+00 0.000000000000000000e+00 0.000000000000000000e+00 0.000000000000000000e+00 0.000000000000000000e+00
9.602998999999999563e-02 0.000000000000000000e+00 0.000000000000000000e+00 0.000000000000000000e+00 0.000000000000000000e+00 0.000000000000000000e+00
1.081067000000000000e-01 0.000000000000000000e+00 0.000000000000000000e+00 0.000000000000000000e+00 0.000000000000000000e+00 0.000000000000000000e+00
1.162075000000000052e-01 0.000000000000000000e+00 0.000000000000000000e+00 0.000000000000000000e+00 0.000000000000000000e+00 0.000000000000000000e+00
1.273054999999999881e-01 2.781920000000000226e-04 1.323342999999999936e+00 2.947335999999999956e+00 0.000000000000000000e+00 0.000000000000000000e+00
1.344349999999999989e-01 5.756720999999999800e-04 4.221067999999999820e+00 5.622634999999999827e+00 0.000000000000000000e+00 1.473773999999999917e-02
1.423003999999999936e-01 7.600362000000000263e-04 4.812827000000000410e+00 6.819874999999999687e+00 0.000000000000000000e+00 3.145223999999999936e-02
1.482363999999999904e-01 2.286866000000000070e-05 8.321797999999999362e+00 3.860490999999999784e-01 0.000000000000000000e+00 1.023611999999999994e-01
1.526919999999999944e-01 2.113682999999999936e-04 1.256492000000000075e+01 3.414251000000000147e+00 0.000000000000000000e+00 1.159666000000000030e-01
1.567235999999999907e-01 3.802375000000000199e-04 1.430330999999999975e+01 5.908443000000000112e+00 0.000000000000000000e+00 1.369805000000000050e-01
1.611477000000000048e-01 1.256736000000000051e-03 1.489042000000000066e+01 1.873651999999999873e+01 0.000000000000000000e+00 2.089168999999999887e-01
1.657947999999999922e-01 1.392617000000000074e-03 1.587203000000000053e+01 1.990378000000000114e+01 0.000000000000000000e+00 2.580893000000000215e-01
1.710311999999999943e-01 1.405018000000000004e-05 1.963813999999999993e+01 3.834501000000000159e-01 0.000000000000000000e+00 2.580893000000000215e-01
1.758070999999999939e-01 1.475515000000000051e-04 2.522502000000000066e+01 1.933170999999999973e+00 0.000000000000000000e+00 3.820142999999999733e-01
1.805558999999999914e-01 3.616615000000000107e-03 3.113894000000000162e+01 4.554945000000000022e+01 0.000000000000000000e+00 4.843622000000000205e-01
1.856528000000000067e-01 1.458637000000000041e-04 3.222520999999999702e+01 1.762947000000000042e+00 0.000000000000000000e+00 6.532383999999999968e-01
1.912329999999999863e-01 3.097767000000000185e-04 3.991445000000000221e+01 3.583712999999999926e+00 0.000000000000000000e+00 8.444291999999999909e-01
1.958177000000000112e-01 6.570836000000000255e-04 4.807620000000000005e+01 7.340365000000000251e+00 0.000000000000000000e+00 9.755257000000000511e-01
2.015840000000000132e-01 1.031919000000000065e-02 4.843139999999999645e+01 1.104492000000000047e+02 4.340923000000000004e-02 1.259617999999999904e+00
2.073973000000000066e-01 1.067695999999999923e-02 5.388790000000000191e+01 2.191579999999999870e+02 2.637830000000000036e-02 1.475035000000000096e+00
2.107406000000000001e-01 1.643541000000000099e-03 5.904728000000000065e+01 3.295197000000000287e+01 0.000000000000000000e+00 1.689135999999999971e+00
2.147728999999999888e-01 1.634194999999999962e-03 6.374611999999999767e+01 1.593501999999999974e+01 1.673030000000000003e-02 1.914995000000000003e+00
2.182028000000000023e-01 3.511513000000000069e-05 9.892846000000000117e+01 1.337871000000000032e+00 0.000000000000000000e+00 2.070911999999999864e+00
2.199870999999999910e-01 4.011263999999999628e-03 1.378002999999999929e+02 1.510141999999999882e+02 0.000000000000000000e+00 2.224822000000000077e+00
2.216218000000000077e-01 1.397341000000000034e-02 1.307059999999999889e+02 5.203903999999999996e+02 0.000000000000000000e+00 2.382365000000000066e+00
2.235003000000000128e-01 2.784619000000000045e-05 1.214628000000000014e+02 1.024299999999999988e+00 0.000000000000000000e+00 2.485371999999999915e+00
2.252945000000000086e-01 1.250012000000000052e-04 1.213719999999999999e+02 4.544590999999999603e+00 0.000000000000000000e+00 2.656077999999999939e+00
2.272040999999999922e-01 1.282596000000000083e-02 1.159588999999999999e+02 2.303103999999999871e+02 0.000000000000000000e+00 2.905996000000000024e+00
2.295032999999999934e-01 7.041585000000000379e-03 1.113673000000000002e+02 2.491740000000000066e+02 0.000000000000000000e+00 3.112856999999999985e+00
2.325822999999999918e-01 1.148548000000000104e-03 1.017986999999999966e+02 1.993128000000000100e+01 0.000000000000000000e+00 3.422931999999999864e+00
2.349359000000000031e-01 2.164529000000000106e-03 1.087138000000000062e+02 7.402361000000000502e+01 0.000000000000000000e+00 3.530209999999999848e+00
2.374539999999999984e-01 1.630308000000000018e-03 9.944203000000000259e+01 2.744935999999999865e+01 0.000000000000000000e+00 3.805931999999999871e+00
2.406397000000000119e-01 6.311648999999999905e-03 1.022657999999999987e+02 1.042272999999999996e+02 0.000000000000000000e+00 4.145503999999999856e+00
2.435431999999999875e-01 8.048582000000000251e-06 1.142955000000000041e+02 2.612058999999999909e-01 0.000000000000000000e+00 4.351505999999999652e+00
2.461899999999999922e-01 1.999312999999999958e-03 1.161621999999999986e+02 3.193956999999999979e+01 0.000000000000000000e+00 4.594641000000000197e+00
2.496406999999999932e-01 7.835988999999999802e-03 1.048247999999999962e+02 1.226800000000000068e+02 0.000000000000000000e+00 4.996184000000000403e+00
2.529147999999999952e-01 7.158770000000000064e-03 1.034047999999999945e+02 2.199473000000000127e+02 0.000000000000000000e+00 5.320584000000000202e+00
2.552851999999999899e-01 8.212768000000000173e-05 1.090724000000000018e+02 2.489475000000000104e+00 0.000000000000000000e+00 5.455525999999999875e+00
2.579832000000000236e-01 1.909375999999999955e-03 1.061731000000000051e+02 2.850446000000000168e+01 0.000000000000000000e+00 5.613596000000000252e+00
2.615217000000000236e-01 1.755552999999999975e-03 1.030147999999999939e+02 2.569778000000000162e+01 0.000000000000000000e+00 5.899612000000000300e+00
2.640508999999999773e-01 5.999159000000000273e-05 1.097634999999999934e+02 1.731986999999999943e+00 0.000000000000000000e+00 6.138046000000000113e+00
2.660131000000000023e-01 3.352734999999999673e-05 1.101187000000000040e+02 9.576864999999999961e-01 0.000000000000000000e+00 6.356735999999999720e+00
2.689040999999999793e-01 2.113839000000000169e-03 1.126368999999999971e+02 2.972662000000000049e+01 0.000000000000000000e+00 6.528989000000000154e+00
2.719070000000000098e-01 5.667088999999999910e-05 1.122622999999999962e+02 1.568569000000000102e+00 0.000000000000000000e+00 6.751662999999999748e+00
2.739680999999999922e-01 1.371050000000000046e-02 1.159633000000000038e+02 3.753974999999999795e+02 0.000000000000000000e+00 6.954193000000000069e+00
2.766996999999999929e-01 1.630532999999999996e-05 1.163954999999999984e+02 4.401423999999999892e-01 0.000000000000000000e+00 7.173513999999999946e+00
2.791275999999999757e-01 1.983383999999999928e-03 1.078940999999999946e+02 2.643881999999999977e+01 3.367875000000000035e-02 7.595341000000000342e+00
2.817019000000000051e-01 8.294199999999999837e-03 1.102045999999999992e+02 2.182269000000000005e+02 0.000000000000000000e+00 7.819461999999999691e+00
2.840895999999999977e-01 1.089267999999999953e-04 1.235056000000000012e+02 2.831623000000000001e+00 0.000000000000000000e+00 7.969553999999999583e+00
2.863702000000000192e-01 1.454070000000000124e-04 1.358198999999999899e+02 3.737096000000000195e+00 0.000000000000000000e+00 8.189595999999999876e+00
2.887546999999999753e-01 2.290300000000000078e-05 1.363579000000000008e+02 5.817177999999999516e-01 0.000000000000000000e+00 8.386967999999999535e+00
2.914610000000000256e-01 3.835368000000000024e-03 1.313086999999999875e+02 9.613129000000000701e+01 6.304529999999999856e-02 8.781337999999999866e+00
2.938443000000000027e-01 4.088626999999999979e-05 1.396591999999999985e+02 1.013004999999999933e+00 0.000000000000000000e+00 9.055286999999999864e+00
2.963349000000000122e-01 4.948647999999999936e-03 1.394959000000000060e+02 1.211494000000000000e+02 0.000000000000000000e+00 9.400232000000000809e+00
2.991121999999999947e-01 1.729328999999999854e-05 1.359517999999999915e+02 4.178053999999999935e-01 0.000000000000000000e+00 9.763158000000000669e+00
3.015580999999999956e-01 1.954134000000000079e-02 1.341579000000000121e+02 2.333730999999999938e+02 0.000000000000000000e+00 1.004515999999999920e+01
3.047903000000000140e-01 1.782774999999999985e-02 1.280555999999999983e+02 4.194241000000000099e+02 2.380965000000000165e-02 1.040840999999999994e+01
3.073280999999999930e-01 1.879805999999999838e-02 1.212810000000000059e+02 4.371129999999999995e+02 1.016346000000000055e-01 1.084523000000000081e+01
3.099789000000000017e-01 4.179313999999999946e-03 1.192235000000000014e+02 9.601438000000000272e+01 0.000000000000000000e+00 1.113990000000000080e+01
3.123748000000000080e-01 4.421284000000000151e-03 1.241375000000000028e+02 1.004801999999999964e+02 0.000000000000000000e+00 1.141558000000000028e+01
3.148826000000000125e-01 1.707335000000000103e-02 1.206483999999999952e+02 3.836881000000000199e+02 2.551660999999999860e-02 1.166807000000000016e+01
3.172225000000000183e-01 3.815414999999999952e-03 1.180151999999999930e+02 8.485872000000000526e+01 0.000000000000000000e+00 1.192134000000000071e+01
3.196270999999999973e-01 4.007762999999999799e-04 1.300520999999999958e+02 8.820002000000000564e+00 0.000000000000000000e+00 1.205940999999999974e+01
3.216210999999999931e-01 1.083837999999999946e-03 1.427199999999999989e+02 2.364601000000000042e+01 0.000000000000000000e+00 1.238988999999999940e+01
3.240110999999999963e-01 6.604183000000000395e-05 1.288205000000000098e+02 1.426025000000000098e+00 0.000000000000000000e+00 1.274010999999999960e+01
3.264188000000000089e-01 2.438170999999999936e-04 1.278271000000000015e+02 5.210674000000000028e+00 0.000000000000000000e+00 1.297480000000000011e+01
3.288444999999999840e-01 1.878377999999999992e-04 1.249955000000000069e+02 3.973209000000000213e+00 0.000000000000000000e+00 1.311138000000000048e+01
3.312880999999999743e-01 1.243785000000000019e-04 1.194320000000000022e+02 2.603994000000000142e+00 0.000000000000000000e+00 1.346664999999999957e+01
3.337499999999999911e-01 6.570929999999999783e-05 1.189686999999999983e+02 1.361647999999999969e+00 0.000000000000000000e+00 1.376777000000000051e+01
3.362300999999999762e-01 1.575883000000000036e-04 1.211781000000000006e+02 3.232311999999999852e+00 0.000000000000000000e+00 1.396077000000000012e+01
3.386282999999999932e-01 3.042283000000000227e-04 1.261628000000000043e+02 6.179101000000000177e+00 0.000000000000000000e+00 1.418632999999999988e+01
3.411447000000000229e-01 1.445716000000000102e-04 1.335062000000000069e+02 2.906531999999999893e+00 0.000000000000000000e+00 1.437171999999999983e+01
3.433999999999999830e-01 3.625552000000000012e-05 1.586503999999999905e+02 1.444577999999999918e+00 0.000000000000000000e+00 1.479964000000000013e+01
3.445205000000000073e-01 1.565409000000000028e-03 2.372646000000000015e+02 1.241856999999999971e+02 0.000000000000000000e+00 1.486827000000000076e+01
3.452226999999999935e-01 1.408016999999999906e-04 2.667375999999999863e+02 1.113875999999999955e+01 0.000000000000000000e+00 1.509280000000000044e+01
3.462592999999999921e-01 7.658969999999999754e-04 2.127142000000000053e+02 3.017098000000000013e+01 0.000000000000000000e+00 1.546343000000000067e+01
3.476721999999999868e-01 1.981684999999999957e-03 1.696835000000000093e+02 3.881627999999999901e+01 0.000000000000000000e+00 1.568042999999999942e+01
3.497116000000000113e-01 2.527305000000000022e-05 1.710259000000000071e+02 9.821336000000000510e-01 0.000000000000000000e+00 1.611746000000000123e+01
3.510345999999999744e-01 8.529441000000000453e-03 1.862478999999999871e+02 3.297538000000000125e+02 3.307667000000000246e-02 1.635892000000000124e+01
3.521018000000000203e-01 3.525415999999999966e-03 2.392351999999999919e+02 2.714558999999999855e+02 0.000000000000000000e+00 1.648160000000000025e+01
3.527671000000000001e-01 3.236013999999999948e-04 2.521673000000000116e+02 2.485302000000000078e+01 0.000000000000000000e+00 1.664469000000000065e+01
3.534598999999999935e-01 1.660238999999999986e-03 2.138067000000000064e+02 1.271674000000000007e+02 1.816703999999999888e-02 1.674729999999999919e+01
3.542327000000000115e-01 6.275718000000000008e-04 3.013695000000000164e+02 4.792633000000000010e+01 0.000000000000000000e+00 1.688530000000000086e+01
3.548890000000000100e-01 1.025216999999999925e-03 3.220679999999999836e+02 7.809623999999999455e+01 0.000000000000000000e+00 1.708708000000000027e+01
3.556122999999999923e-01 4.378622999999999890e-03 2.438608999999999867e+02 3.326186000000000149e+02 0.000000000000000000e+00 1.725337999999999994e+01
3.568254000000000148e-01 1.544112000000000099e-04 1.891504999999999939e+02 5.837823000000000206e+00 0.000000000000000000e+00 1.744717999999999947e+01
3.581487999999999894e-01 4.953142000000000222e-04 1.824139999999999873e+02 1.863223999999999947e+01 0.000000000000000000e+00 1.769971999999999923e+01
3.594769999999999910e-01 3.895395000000000064e-04 1.786822999999999979e+02 1.457975000000000065e+01 0.000000000000000000e+00 1.784168000000000021e+01
3.608102000000000253e-01 1.033672999999999954e-04 1.571761999999999944e+02 3.849448000000000203e+00 0.000000000000000000e+00 1.805317000000000149e+01
3.622824000000000044e-01 3.485500999999999790e-03 1.436314000000000135e+02 1.290867000000000075e+02 0.000000000000000000e+00 1.833346999999999838e+01
3.636260000000000048e-01 1.866800999999999877e-02 1.430814000000000021e+02 6.879167999999999665e+02 5.642202000000000328e-02 1.863984999999999914e+01
3.651637999999999828e-01 2.801388000000000155e-05 1.294250000000000114e+02 1.026432999999999929e+00 0.000000000000000000e+00 1.891056000000000026e+01
3.667623999999999884e-01 5.480665000000000016e-03 1.250168000000000035e+02 9.981877000000000066e+01 0.000000000000000000e+00 1.907441000000000031e+01
3.684497999999999940e-01 2.285385000000000021e-03 1.223841000000000037e+02 4.136634999999999707e+01 0.000000000000000000e+00 1.952470999999999890e+01
3.702544999999999864e-01 5.183916999999999692e-03 1.188255000000000052e+02 1.864227999999999952e+02 0.000000000000000000e+00 1.984678999999999860e+01
3.723436999999999997e-01 1.714755000000000099e-02 1.158067999999999955e+02 6.120040000000000191e+02 0.000000000000000000e+00 2.014018000000000086e+01
3.740291000000000032e-01 3.865125999999999762e-05 1.217583000000000055e+02 1.371134999999999993e+00 0.000000000000000000e+00 2.033275000000000077e+01
3.761674999999999880e-01 1.789419999999999900e-03 1.188405999999999949e+02 3.149875000000000114e+01 0.000000000000000000e+00 2.041684000000000054e+01
3.782059999999999866e-01 6.069996999999999611e-06 1.191809999999999974e+02 2.121485999999999927e-01 0.000000000000000000e+00 2.065439999999999898e+01
3.803118999999999805e-01 1.642227999999999917e-03 1.184796000000000049e+02 5.697198999999999813e+01 0.000000000000000000e+00 2.086776000000000053e+01
3.828544999999999865e-01 1.789098999999999898e-02 1.224013999999999953e+02 6.151788999999999987e+02 0.000000000000000000e+00 2.133071999999999946e+01
3.851287999999999934e-01 1.844366999999999882e-02 1.237447999999999979e+02 3.146123999999999796e+02 2.643318999999999877e-02 2.166432999999999964e+01
3.877610000000000223e-01 6.705899999999999882e-03 1.170776000000000039e+02 2.267094999999999914e+02 0.000000000000000000e+00 2.205254000000000048e+01
3.901800000000000268e-01 1.671173000000000103e-02 1.114168999999999983e+02 2.801820000000000164e+02 0.000000000000000000e+00 2.252787999999999968e+01
3.924398000000000053e-01 1.450518999999999940e-03 1.146042999999999950e+02 2.413374999999999915e+01 0.000000000000000000e+00 2.283829000000000065e+01
3.948880000000000168e-01 1.606219000000000093e-03 1.157261000000000024e+02 5.300970000000000226e+01 0.000000000000000000e+00 2.305202999999999847e+01
3.971161999999999748e-01 1.541384000000000027e-03 1.138806000000000012e+02 5.049437000000000353e+01 0.000000000000000000e+00 2.333026999999999873e+01
3.997710999999999903e-01 1.807409000000000099e-02 1.144976000000000056e+02 2.934757999999999925e+02 2.726906999999999942e-02 2.366987999999999914e+01
4.019376000000000060e-01 7.146459999999999845e-06 1.203750000000000000e+02 2.304322000000000037e-01 0.000000000000000000e+00 2.392952000000000012e+01
4.045947999999999767e-01 1.463246000000000078e-03 1.188148999999999944e+02 2.338904000000000138e+01 0.000000000000000000e+00 2.432251000000000118e+01
4.073599999999999999e-01 1.462968000000000037e-03 1.213626000000000005e+02 2.317771000000000114e+01 0.000000000000000000e+00 2.449809000000000125e+01
4.102048999999999834e-01 9.194941999999999352e-03 1.227195999999999998e+02 1.443617000000000132e+02 2.627161999999999900e-02 2.494390999999999892e+01
4.127639000000000169e-01 1.957272999999999999e-02 1.230284000000000049e+02 3.048242999999999938e+02 2.311923999999999924e-02 2.515922000000000125e+01
4.156156999999999768e-01 7.971942999999999984e-06 1.217715000000000032e+02 2.460968000000000044e-01 0.000000000000000000e+00 2.535775999999999897e+01
4.182394999999999863e-01 1.102995000000000060e-03 1.195499999999999972e+02 1.688784000000000063e+01 0.000000000000000000e+00 2.570292999999999850e+01
4.210979999999999723e-01 1.242382999999999899e-03 1.158787999999999982e+02 1.885594000000000037e+01 0.000000000000000000e+00 2.591541000000000139e+01
4.240387999999999935e-01 8.240222999999999645e-03 1.096285000000000025e+02 1.239518000000000058e+02 0.000000000000000000e+00 2.622322000000000131e+01
4.268104999999999816e-01 8.136256999999999170e-03 1.072557999999999936e+02 1.213718999999999966e+02 2.443166999999999908e-02 2.658969000000000094e+01
4.296002999999999905e-01 7.108414999999999873e-03 1.037275000000000063e+02 1.051612999999999971e+02 2.524890000000000120e-02 2.688833999999999946e+01
4.326004999999999989e-01 9.997109000000000984e-04 9.927754000000000190e+01 1.465930000000000000e+01 0.000000000000000000e+00 2.708499000000000123e+01
4.356861000000000206e-01 1.075557999999999896e-03 9.852737000000000478e+01 1.563001000000000040e+01 0.000000000000000000e+00 2.733708999999999989e+01
4.387287999999999744e-01 1.794014000000000025e-02 1.010567000000000064e+02 2.584232000000000085e+02 3.209319000000000061e-02 2.759850000000000136e+01
4.417927999999999855e-01 9.793622999999999999e-04 9.899819999999999709e+01 2.796765999999999863e+01 0.000000000000000000e+00 2.797150999999999854e+01
4.438910999999999829e-01 1.562374000000000054e-03 1.041945999999999941e+02 4.435197999999999752e+01 0.000000000000000000e+00 2.826961999999999975e+01
4.457353000000000010e-01 1.015342000000000024e-03 1.007686000000000064e+02 1.433738999999999919e+01 0.000000000000000000e+00 2.850048999999999921e+01
4.486156000000000033e-01 7.329251999999999805e-06 1.263624999999999972e+02 2.053215999999999930e-01 0.000000000000000000e+00 2.869681999999999888e+01
4.509799999999999920e-01 1.178469000000000044e-02 1.369712000000000103e+02 1.639963999999999942e+02 0.000000000000000000e+00 2.886317999999999984e+01
4.535917999999999894e-01 1.768063000000000056e-03 1.243725000000000023e+02 2.442851999999999890e+01 0.000000000000000000e+00 2.922315000000000040e+01
4.563877000000000073e-01 1.237415000000000078e-05 1.234972000000000065e+02 3.393299000000000176e-01 0.000000000000000000e+00 2.980922999999999945e+01
4.582330000000000014e-01 4.341642000000000130e-05 1.726234000000000037e+02 2.369286999999999921e+00 0.000000000000000000e+00 2.993563999999999936e+01
4.591498999999999997e-01 2.539188000000000057e-04 2.132242999999999995e+02 1.382252000000000081e+01 0.000000000000000000e+00 3.014096999999999937e+01
4.597280999999999729e-01 2.873439000000000201e-03 3.124483000000000175e+02 3.123537999999999784e+02 0.000000000000000000e+00 3.029555999999999827e+01
4.601452999999999793e-01 2.462122000000000182e-03 3.878170000000000073e+02 2.673432000000000244e+02 0.000000000000000000e+00 3.044902000000000086e+01
4.605457000000000023e-01 3.098366999999999875e-03 2.977346000000000004e+02 3.360681000000000154e+02 1.112430000000000016e-02 3.058493999999999957e+01
4.612623000000000140e-01 1.236300999999999871e-04 1.927689000000000021e+02 6.692089000000000176e+00 0.000000000000000000e+00 3.075735999999999848e+01
4.627844999999999875e-01 4.382192000000000140e-04 1.550066999999999950e+02 1.181268999999999991e+01 0.000000000000000000e+00 3.096325999999999823e+01
4.645007999999999915e-01 3.147596000000000009e-04 1.491912000000000091e+02 8.446260999999999797e+00 0.000000000000000000e+00 3.119638000000000133e+01
4.662235000000000129e-01 2.413864000000000103e-04 1.360328000000000088e+02 6.448081000000000174e+00 0.000000000000000000e+00 3.147197999999999851e+01
4.679525999999999963e-01 9.405588000000000045e-05 1.279916999999999945e+02 2.501151000000000124e+00 0.000000000000000000e+00 3.163872999999999891e+01
4.697923999999999989e-01 9.072745000000000115e-03 1.220139000000000067e+02 2.401128999999999962e+02 2.414942999999999951e-02 3.198717999999999861e+01
4.720585999999999949e-01 1.806467000000000131e-05 1.200882000000000005e+02 4.752974999999999839e-01 0.000000000000000000e+00 3.234411999999999665e+01
4.748628999999999767e-01 6.280865000000000173e-07 1.139761000000000024e+02 1.640729999999999966e-02 0.000000000000000000e+00 3.274562000000000239e+01
4.776483999999999730e-01 9.189320000000000821e-03 1.090451000000000050e+02 1.191841000000000008e+02 2.905811999999999978e-02 3.309335999999999700e+01
4.803792000000000062e-01 2.090889000000000167e-05 1.114616999999999933e+02 5.386408999999999780e-01 0.000000000000000000e+00 3.338835999999999871e+01
4.828394999999999770e-01 2.223755000000000003e-03 1.093496999999999986e+02 2.846942999999999913e+01 0.000000000000000000e+00 3.365733000000000175e+01
4.862114000000000158e-01 9.210826999999999556e-03 1.025430999999999955e+02 1.169436000000000035e+02 0.000000000000000000e+00 3.401346999999999809e+01
4.893171000000000048e-01 1.533525999999999900e-03 1.020386000000000024e+02 1.932307000000000130e+01 0.000000000000000000e+00 3.426012999999999664e+01
4.924790000000000001e-01 3.760202999999999885e-06 9.542349000000000103e+01 9.403562000000000032e-02 0.000000000000000000e+00 3.468903000000000247e+01
4.952945000000000264e-01 1.406188000000000056e-03 9.198309999999999320e+01 1.746566999999999936e+01 0.000000000000000000e+00 3.497597999999999985e+01
4.987535000000000163e-01 8.949560999999999975e-03 9.653837000000000046e+01 1.102520999999999987e+02 1.736646000000000023e-02 3.523460000000000036e+01
5.020879000000000314e-01 2.027572000000000055e-03 9.908753000000000100e+01 2.478398999999999930e+01 0.000000000000000000e+00 3.547223000000000326e+01
5.046967999999999455e-01 8.397823999999999914e-03 1.006099999999999994e+02 2.040559000000000083e+02 0.000000000000000000e+00 3.574842999999999904e+01
5.079204999999999970e-01 1.952472999999999926e-03 9.491706000000000643e+01 2.354719000000000051e+01 0.000000000000000000e+00 3.619243000000000166e+01
5.105973999999999791e-01 1.413522999999999917e-04 1.192550999999999988e+02 3.388656000000000112e+00 0.000000000000000000e+00 3.649777000000000271e+01
5.124910999999999772e-01 4.937280000000000271e-04 1.316565999999999974e+02 1.178574000000000055e+01 0.000000000000000000e+00 3.676384000000000185e+01
5.146203000000000305e-01 7.987724999999999828e-06 1.087138000000000062e+02 1.897664000000000017e-01 0.000000000000000000e+00 3.707144000000000261e+01
5.180991000000000346e-01 2.008509999999999809e-03 1.008409999999999940e+02 2.367559999999999931e+01 0.000000000000000000e+00 3.749723999999999791e+01
5.207526000000000099e-01 1.427676000000000085e-05 1.010581999999999994e+02 3.346084999999999754e-01 0.000000000000000000e+00 3.780011999999999972e+01
5.239624999999999977e-01 2.498233999999999785e-03 9.172682000000000357e+01 2.907309000000000054e+01 0.000000000000000000e+00 3.811254000000000275e+01
5.271531000000000411e-01 1.676400000000000112e-02 9.348243999999999687e+01 1.937538999999999874e+02 5.637824999999999781e-02 3.854030000000000200e+01
5.303632000000000346e-01 2.397919000000000092e-03 9.076876000000000033e+01 2.752551000000000059e+01 0.000000000000000000e+00 3.880951999999999913e+01
5.335927999999999782e-01 1.076249999999999950e-02 9.460559000000000651e+01 1.227031000000000063e+02 2.407184000000000060e-02 3.920172999999999774e+01
5.361668000000000545e-01 3.516308000000000080e-05 1.031152000000000015e+02 7.974580000000000002e-01 0.000000000000000000e+00 3.958502000000000010e+01
5.386735000000000273e-01 1.143064000000000059e-02 1.028045999999999935e+02 1.289502999999999986e+02 2.786456000000000002e-02 3.974004999999999654e+01
5.416328000000000253e-01 3.748574000000000177e-03 1.001246000000000009e+02 8.406069999999999709e+01 0.000000000000000000e+00 4.014826000000000050e+01
5.446889999999999787e-01 3.269077000000000007e-03 9.431117999999999313e+01 7.285407999999999618e+01 0.000000000000000000e+00 4.065558999999999656e+01
5.477218999999999838e-01 0.000000000000000000e+00 9.013446000000000424e+01 0.000000000000000000e+00 0.000000000000000000e+00 4.088083999999999918e+01
5.507716999999999752e-01 1.524829999999999935e-02 8.687246000000000379e+01 1.678597000000000037e+02 4.983751000000000153e-02 4.122160999999999831e+01
5.544539000000000550e-01 2.795763000000000154e-03 7.875848999999999478e+01 3.055443999999999960e+01 0.000000000000000000e+00 4.168679999999999808e+01
5.577476000000000100e-01 2.874185999999999928e-03 8.204810000000000514e+01 3.121062999999999832e+01 0.000000000000000000e+00 4.198658999999999963e+01
5.613932999999999840e-01 2.571954999999999901e-03 7.661603999999999814e+01 2.773332999999999871e+01 0.000000000000000000e+00 4.240738000000000341e+01
5.645191999999999988e-01 0.000000000000000000e+00 7.900831999999999766e+01 0.000000000000000000e+00 0.000000000000000000e+00 4.256450999999999851e+01
5.674103999999999814e-01 3.533136999999999996e-03 8.093262000000000000e+01 7.532863999999999294e+01 0.000000000000000000e+00 4.291508999999999929e+01
5.695147999999999877e-01 1.026113000000000025e-02 8.633487999999999829e+01 2.179142999999999972e+02 1.408486999999999933e-02 4.316819999999999879e+01
5.723044999999999938e-01 2.677151999999999917e-03 8.074066000000000543e+01 2.828146999999999878e+01 0.000000000000000000e+00 4.333091999999999899e+01
5.752355000000000107e-01 1.542508000000000106e-05 8.041080999999999790e+01 3.241390000000000104e-01 0.000000000000000000e+00 4.358474999999999966e+01
5.786527000000000198e-01 7.894935999999999724e-06 7.865122999999999820e+01 1.648745000000000072e-01 0.000000000000000000e+00 4.374681000000000353e+01
5.818746999999999669e-01 2.617349000000000151e-03 7.705441000000000429e+01 2.717286999999999964e+01 0.000000000000000000e+00 4.396179000000000059e+01
5.853312999999999988e-01 2.463630999999999981e-03 8.069580000000000553e+01 2.542019000000000162e+01 1.761594999999999828e-02 4.422693999999999903e+01
5.881113999999999509e-01 2.331510000000000180e-03 8.028054000000000201e+01 2.393946000000000041e+01 0.000000000000000000e+00 4.452394000000000318e+01
5.917803000000000369e-01 2.137627000000000017e-03 7.892154999999999632e+01 2.180885999999999925e+01 0.000000000000000000e+00 4.473568000000000211e+01
5.952956999999999832e-01 2.326658000000000111e-03 8.464361999999999853e+01 4.718661999999999779e+01 0.000000000000000000e+00 4.496560999999999808e+01
5.985660999999999898e-01 1.195805999999999952e-02 7.965744999999999720e+01 1.205909999999999940e+02 0.000000000000000000e+00 4.529077000000000197e+01
6.017654000000000059e-01 1.148308999999999962e-02 7.529304999999999382e+01 1.151787999999999954e+02 0.000000000000000000e+00 4.558252000000000237e+01
6.056091000000000113e-01 2.223306999999999888e-03 7.604104999999999848e+01 2.215813999999999950e+01 0.000000000000000000e+00 4.579540000000000077e+01
6.091164999999999496e-01 1.242892999999999949e-02 7.151901999999999759e+01 1.231577999999999946e+02 0.000000000000000000e+00 4.615981000000000023e+01
6.112849999999999673e-01 1.318215000000000012e-02 8.020972000000000435e+01 2.603113999999999919e+02 0.000000000000000000e+00 4.641235999999999962e+01
6.140974000000000155e-01 2.302721000000000195e-03 6.463791000000000508e+01 2.263393999999999906e+01 0.000000000000000000e+00 4.661914999999999765e+01
6.178369000000000222e-01 1.206089999999999940e-02 6.292535999999999774e+01 1.178423999999999978e+02 0.000000000000000000e+00 4.672843000000000302e+01
6.212311000000000361e-01 1.846912000000000033e-03 5.977962000000000131e+01 1.794893000000000072e+01 0.000000000000000000e+00 4.691033000000000186e+01
6.243665000000000465e-01 1.973445999999999794e-03 5.895326000000000022e+01 1.908483999999999980e+01 0.000000000000000000e+00 4.710726999999999975e+01
6.271461999999999870e-01 2.156575999999999892e-03 5.705863999999999692e+01 4.153103999999999729e+01 0.000000000000000000e+00 4.736876999999999782e+01
6.297983999999999805e-01 0.000000000000000000e+00 5.310526999999999731e+01 0.000000000000000000e+00 0.000000000000000000e+00 4.761090000000000089e+01
6.323214000000000334e-01 2.717644999999999965e-05 5.672057000000000215e+01 5.192375000000000185e-01 0.000000000000000000e+00 4.770609999999999928e+01
6.346663999999999639e-01 3.676642000000000229e-05 5.792748000000000275e+01 6.999830000000000219e-01 0.000000000000000000e+00 4.792508000000000123e+01
6.370202000000000364e-01 1.045842000000000006e-04 6.148080000000000211e+01 1.984134999999999982e+00 0.000000000000000000e+00 4.803466999999999842e+01
6.393826999999999705e-01 1.712546999999999919e-04 7.323767999999999745e+01 3.237598999999999894e+00 0.000000000000000000e+00 4.818883999999999901e+01
6.416114000000000539e-01 5.725618000000000027e-03 8.693135999999999797e+01 1.078884999999999934e+02 1.736646000000000023e-02 4.827660000000000196e+01
6.439909000000000328e-01 1.315769999999999960e-02 9.076130999999999460e+01 2.470699999999999932e+02 2.821069000000000007e-02 4.866111000000000075e+01
6.463792999999999900e-01 3.975300000000000188e-03 7.724957000000000562e+01 7.438814000000000703e+01 0.000000000000000000e+00 4.888624000000000080e+01
6.487764999999999782e-01 9.919700000000000045e-03 6.701931000000000438e+01 1.849832000000000107e+02 0.000000000000000000e+00 4.910987000000000080e+01
6.511825999999999448e-01 2.942800000000000190e-03 6.460321999999999321e+01 5.468907999999999703e+01 0.000000000000000000e+00 4.929372999999999649e+01
6.535976000000000008e-01 1.143214000000000036e-02 6.611960000000000548e+01 2.117289000000000101e+02 3.232034999999999769e-02 4.947930000000000206e+01
6.560215999999999825e-01 4.562288000000000281e-03 6.990501999999999327e+01 8.420811999999999387e+01 0.000000000000000000e+00 4.961440999999999946e+01
6.584545000000000536e-01 1.048948000000000068e-02 8.035923999999999978e+01 1.929524999999999864e+02 0.000000000000000000e+00 4.977044000000000068e+01
6.608475999999999795e-01 3.252835999999999835e-04 7.630935999999999808e+01 5.963752999999999638e+00 0.000000000000000000e+00 4.999685000000000201e+01
6.632985000000000131e-01 1.625189999999999935e-04 6.726008000000000209e+01 2.969609999999999861e+00 0.000000000000000000e+00 5.026570999999999856e+01
6.657583999999999724e-01 1.819835999999999969e-04 6.971005999999999858e+01 3.314147999999999872e+00 0.000000000000000000e+00 5.049996000000000151e+01
6.682274999999999743e-01 3.513747000000000224e-04 7.213419000000000381e+01 6.377648999999999901e+00 0.000000000000000000e+00 5.080384000000000100e+01
6.707056999999999602e-01 5.848668000000000226e-04 7.597216000000000236e+01 1.058045000000000080e+01 0.000000000000000000e+00 5.089795999999999765e+01
6.731932000000000471e-01 7.247062999999999769e-04 7.519079000000000690e+01 1.306691000000000003e+01 0.000000000000000000e+00 5.114030000000000342e+01
6.756398000000000126e-01 1.030531999999999976e-02 7.323632999999999527e+01 1.852127999999999872e+02 0.000000000000000000e+00 5.132021999999999906e+01
6.781454999999999567e-01 4.042055000000000127e-03 6.787270999999999788e+01 7.240823000000000320e+01 0.000000000000000000e+00 5.151514999999999844e+01
6.806100999999999956e-01 4.862975000000000175e-04 7.033056999999999448e+01 8.683581000000000216e+00 0.000000000000000000e+00 5.169585000000000008e+01
6.831342999999999721e-01 5.786667999999999803e-04 6.424427000000000021e+01 1.029945999999999984e+01 0.000000000000000000e+00 5.204663999999999646e+01
6.856170000000000320e-01 3.741439000000000049e-03 6.004822000000000060e+01 6.638169999999999504e+01 0.000000000000000000e+00 5.227819000000000216e+01
6.881597999999999882e-01 1.012042999999999970e-02 6.945107000000000141e+01 1.789824999999999875e+02 0.000000000000000000e+00 5.237324999999999875e+01
6.907119000000000453e-01 5.931391000000000267e-03 7.707752999999999588e+01 1.045627000000000066e+02 0.000000000000000000e+00 5.251975999999999800e+01
6.932222000000000106e-01 4.591644999999999776e-04 7.307079000000000235e+01 8.069217999999999336e+00 0.000000000000000000e+00 5.260728999999999900e+01
6.957931000000000532e-01 4.670628000000000236e-04 6.366485000000000127e+01 8.182009000000000754e+00 0.000000000000000000e+00 5.289766999999999797e+01
6.983736000000000388e-01 7.061462000000000121e-04 6.115185999999999922e+01 1.233126000000000033e+01 0.000000000000000000e+00 5.318601000000000312e+01
7.009636000000000200e-01 2.269808000000000004e-04 5.543898000000000081e+01 3.951271000000000200e+00 0.000000000000000000e+00 5.343099999999999739e+01
7.035112000000000032e-01 3.814164000000000096e-03 5.457562999999999676e+01 6.619348999999999705e+01 0.000000000000000000e+00 5.366040999999999883e+01
7.061203000000000340e-01 8.331945000000000323e-03 5.672585999999999729e+01 1.441485000000000127e+02 0.000000000000000000e+00 5.380859000000000236e+01
7.087390000000000079e-01 3.756630999999999859e-03 5.529122999999999877e+01 6.479130000000000678e+01 0.000000000000000000e+00 5.394776000000000238e+01
7.113675000000000415e-01 8.161850999999999481e-03 5.234364000000000061e+01 1.403355999999999995e+02 0.000000000000000000e+00 5.412657000000000096e+01
7.140056999999999654e-01 3.100396999999999962e-03 5.061534999999999940e+01 5.314518999999999949e+01 0.000000000000000000e+00 5.430745000000000289e+01
7.166536999999999491e-01 8.305813999999999905e-03 5.292605999999999966e+01 1.419394000000000062e+02 0.000000000000000000e+00 5.436972000000000094e+01
7.193116000000000509e-01 2.923078999999999868e-03 5.120597000000000065e+01 4.980147999999999797e+01 0.000000000000000000e+00 5.450957999999999970e+01
7.219792999999999905e-01 7.898178000000000490e-03 4.816631999999999891e+01 1.341578000000000088e+02 0.000000000000000000e+00 5.464520000000000266e+01
7.246567999999999898e-01 3.134691000000000213e-03 4.791613000000000255e+01 5.308576000000000050e+01 0.000000000000000000e+00 5.474061999999999983e+01
7.273443000000000547e-01 7.775393999999999708e-03 5.115677000000000163e+01 1.312823999999999955e+02 0.000000000000000000e+00 5.477617000000000047e+01
7.300417999999999630e-01 3.267704000000000181e-03 5.068061999999999756e+01 5.500905999999999807e+01 0.000000000000000000e+00 5.493710999999999700e+01
7.327493000000000478e-01 8.233080999999999733e-03 5.060002000000000066e+01 1.381871999999999900e+02 2.638321999999999889e-02 5.508948999999999785e+01
7.354667999999999761e-01 3.035545000000000170e-03 4.660396999999999679e+01 5.079992000000000019e+01 0.000000000000000000e+00 5.524188000000000187e+01
7.381944000000000283e-01 7.725540000000000358e-03 4.651118999999999915e+01 1.289088000000000136e+02 0.000000000000000000e+00 5.530127999999999844e+01
7.409320999999999824e-01 3.451169000000000025e-03 4.685866999999999649e+01 5.741879999999999740e+01 0.000000000000000000e+00 5.544682000000000244e+01
7.436800000000000077e-01 7.691469000000000257e-03 4.671978000000000009e+01 1.275962999999999994e+02 0.000000000000000000e+00 5.555413999999999675e+01
7.464380999999999933e-01 3.189892000000000161e-03 4.781309999999999860e+01 5.276574000000000098e+01 0.000000000000000000e+00 5.565043000000000006e+01
7.492064000000000501e-01 7.206871000000000110e-03 4.602967999999999904e+01 1.188713000000000051e+02 0.000000000000000000e+00 5.584693999999999647e+01
7.519848999999999561e-01 3.143548999999999823e-03 4.567710000000000292e+01 5.170248000000000133e+01 0.000000000000000000e+00 5.589710999999999785e+01
7.547738000000000502e-01 7.372351000000000078e-03 4.644510999999999967e+01 1.209107000000000056e+02 0.000000000000000000e+00 5.602720000000000056e+01
7.575169000000000485e-01 3.192178999999999850e-04 4.588537000000000177e+01 5.220890999999999948e+00 0.000000000000000000e+00 5.613989999999999725e+01
7.603263000000000105e-01 3.297619999999999913e-04 5.099580000000000268e+01 5.378223000000000198e+00 0.000000000000000000e+00 5.622502999999999673e+01
7.630896000000000345e-01 7.730120000000000047e-03 4.774933000000000050e+01 1.257292000000000058e+02 0.000000000000000000e+00 5.644989000000000345e+01
7.659196000000000337e-01 4.061692000000000427e-03 4.806877000000000066e+01 6.587958999999999321e+01 0.000000000000000000e+00 5.669989000000000345e+01
7.687602000000000046e-01 8.440407000000000465e-03 6.190702999999999889e+01 1.365236999999999910e+02 0.000000000000000000e+00 5.684412999999999982e+01
7.716112000000000526e-01 4.267634000000000184e-03 4.731707000000000107e+01 6.883974999999999511e+01 0.000000000000000000e+00 5.704975000000000307e+01
7.744729000000000196e-01 6.578501999999999961e-03 4.016402000000000072e+01 1.058262000000000000e+02 1.467650000000000031e-02 5.721938999999999709e+01
7.772299999999999764e-01 6.489678999999999934e-03 4.322281000000000262e+01 1.041256000000000057e+02 0.000000000000000000e+00 5.731414999999999793e+01
7.801124999999999865e-01 3.945933000000000426e-03 4.520734000000000208e+01 6.314094999999999658e+01 0.000000000000000000e+00 5.739649000000000001e+01
7.830057000000000267e-01 7.138005999999999691e-03 4.533301999999999765e+01 1.139127000000000010e+02 0.000000000000000000e+00 5.764752000000000010e+01
7.859095999999999860e-01 4.151486000000000239e-03 4.409929000000000343e+01 6.607536000000000342e+01 1.958682000000000131e-02 5.780277000000000243e+01
7.888243000000000338e-01 6.367201999999999758e-03 4.140077000000000140e+01 1.010721999999999952e+02 0.000000000000000000e+00 5.795927999999999969e+01
7.917497999999999481e-01 3.755603000000000153e-03 3.832676000000000016e+01 5.945889999999999986e+01 2.731623000000000037e-02 5.808109999999999928e+01
7.946860999999999509e-01 5.785491000000000245e-03 3.736522999999999683e+01 9.135621999999999332e+01 0.000000000000000000e+00 5.830102000000000118e+01
7.976332999999999895e-01 3.394162000000000047e-03 3.443656000000000006e+01 5.345615999999999701e+01 0.000000000000000000e+00 5.846493000000000251e+01
8.005915000000000115e-01 5.230104999999999650e-03 3.405210000000000292e+01 8.215797000000000594e+01 0.000000000000000000e+00 5.862915000000000276e+01
8.035605999999999582e-01 2.689173999999999905e-03 3.017137999999999920e+01 4.213459999999999894e+01 0.000000000000000000e+00 5.874255000000000138e+01
8.065407999999999467e-01 5.211468000000000350e-03 3.311475999999999686e+01 8.144553999999999405e+01 1.853809000000000012e-02 5.878593000000000046e+01
8.095318999999999710e-01 3.074916000000000021e-03 3.319044999999999845e+01 4.793298999999999666e+01 0.000000000000000000e+00 5.883337999999999823e+01
8.125341999999999842e-01 5.294601999999999815e-03 3.478647000000000133e+01 8.232565999999999917e+01 0.000000000000000000e+00 5.892266000000000048e+01
8.155476000000000392e-01 3.111530999999999846e-03 3.240001999999999782e+01 4.825954000000000121e+01 0.000000000000000000e+00 5.900010999999999939e+01
8.185721999999999721e-01 5.244940000000000019e-03 3.301939000000000135e+01 8.114534000000000447e+01 0.000000000000000000e+00 5.904055000000000319e+01
8.216080000000000050e-01 3.024326999999999831e-03 3.186858000000000146e+01 4.667370999999999981e+01 2.227043999999999899e-02 5.916658999999999935e+01
8.246550999999999743e-01 4.439761999999999875e-03 2.850552000000000064e+01 6.834873000000000332e+01 0.000000000000000000e+00 5.925851999999999720e+01
8.277134999999999909e-01 2.368312999999999929e-03 2.636713999999999913e+01 3.637001999999999668e+01 0.000000000000000000e+00 5.943612000000000251e+01
8.307832000000000550e-01 4.236016999999999907e-03 2.590632000000000090e+01 6.489369000000000653e+01 0.000000000000000000e+00 5.950938000000000017e+01
8.338643000000000027e-01 2.137342999999999882e-03 2.379838000000000164e+01 3.266375000000000028e+01 0.000000000000000000e+00 5.959853999999999985e+01
8.369567999999999452e-01 3.856871999999999905e-03 2.333108000000000004e+01 5.880044000000000182e+01 0.000000000000000000e+00 5.971466999999999814e+01
8.400608000000000519e-01 2.246250999999999890e-03 2.350504000000000104e+01 3.416360000000000241e+01 0.000000000000000000e+00 5.982417999999999836e+01
8.431762999999999897e-01 3.745367999999999788e-03 2.207694000000000045e+01 5.682856000000000307e+01 2.443427999999999919e-02 5.991600999999999999e+01
8.466166999999999998e-01 0.000000000000000000e+00 2.072923000000000116e+01 0.000000000000000000e+00 0.000000000000000000e+00 6.003884999999999650e+01
8.499453000000000147e-01 3.674557000000000170e-03 2.177675999999999945e+01 5.547119000000000000e+01 0.000000000000000000e+00 6.003884999999999650e+01
8.535397000000000123e-01 2.198936000000000049e-05 2.282998999999999867e+01 3.310711000000000070e-01 0.000000000000000000e+00 6.008030000000000115e+01
8.581016999999999673e-01 0.000000000000000000e+00 2.102395999999999887e+01 0.000000000000000000e+00 0.000000000000000000e+00 6.021820999999999913e+01
8.615391999999999495e-01 4.549464999999999987e-05 2.241931999999999903e+01 6.810015999999999847e-01 0.000000000000000000e+00 6.032432000000000016e+01
8.658234000000000208e-01 1.578093999999999938e-03 1.861617000000000033e+01 2.355033999999999850e+01 0.000000000000000000e+00 6.039672999999999803e+01
8.709668000000000410e-01 1.999975000000000190e-03 1.876324999999999932e+01 1.486994999999999933e+01 0.000000000000000000e+00 6.044731999999999772e+01
8.747797000000000489e-01 8.899594999999999959e-06 1.943884999999999863e+01 1.319852999999999998e-01 0.000000000000000000e+00 6.051469999999999771e+01
8.789995000000000447e-01 1.702844999999999923e-03 1.642771000000000114e+01 1.259118999999999922e+01 0.000000000000000000e+00 6.065099000000000018e+01
8.836977000000000304e-01 1.959027999999999811e-03 1.795242999999999967e+01 2.887847999999999971e+01 3.470436999999999828e-02 6.072793000000000063e+01
8.876319000000000292e-01 1.471751000000000092e-03 1.500479999999999947e+01 1.081985000000000063e+01 0.000000000000000000e+00 6.083968999999999738e+01
8.931693000000000549e-01 1.262983000000000074e-03 1.449944999999999951e+01 9.251537000000000788e+00 0.000000000000000000e+00 6.097372000000000014e+01
8.978766999999999721e-01 1.583773000000000125e-05 1.462256000000000000e+01 2.313179999999999958e-01 0.000000000000000000e+00 6.102897000000000105e+01
9.033442000000000416e-01 5.308635000000000208e-06 1.440598999999999918e+01 7.726771999999999807e-02 0.000000000000000000e+00 6.106488999999999834e+01
9.082396999999999831e-01 2.682295999999999812e-03 1.457224000000000075e+01 3.892240000000000322e+01 2.883140000000000008e-02 6.120130999999999943e+01
9.124858999999999609e-01 5.462644000000000379e-06 1.385805000000000042e+01 7.906158000000000630e-02 0.000000000000000000e+00 6.125992000000000104e+01
9.168876999999999722e-01 2.465146999999999998e-03 1.273785999999999952e+01 1.779243999999999915e+01 0.000000000000000000e+00 6.125992000000000104e+01
9.227442000000000144e-01 1.221340000000000012e-03 1.494838999999999984e+01 8.784478000000000009e+00 0.000000000000000000e+00 6.135148000000000224e+01
9.283632000000000550e-01 2.545303000000000062e-03 1.480082999999999949e+01 3.649280000000000257e+01 0.000000000000000000e+00 6.145118999999999687e+01
9.323582000000000258e-01 1.623642999999999918e-03 1.431836999999999982e+01 1.161303999999999981e+01 0.000000000000000000e+00 6.145118999999999687e+01
9.378969000000000333e-01 1.373927999999999955e-03 1.271039999999999992e+01 9.796153000000000333e+00 0.000000000000000000e+00 6.155369000000000312e+01
9.432589000000000112e-01 1.216426999999999933e-05 1.206091999999999942e+01 1.729393999999999931e-01 0.000000000000000000e+00 6.159508000000000294e+01
9.481600999999999502e-01 5.237531000000000050e-06 1.166122000000000014e+01 7.426209000000000282e-02 0.000000000000000000e+00 6.169715000000000060e+01
9.537219000000000113e-01 2.122656000000000109e-03 1.270261999999999958e+01 1.500385999999999953e+01 1.800807000000000102e-02 6.174895000000000067e+01
9.593874999999999487e-01 2.035632999999999800e-03 1.157965000000000089e+01 1.434559999999999924e+01 0.000000000000000000e+00 6.184282000000000323e+01
9.650866999999999640e-01 1.884617000000000106e-03 1.191850999999999949e+01 2.648299000000000092e+01 0.000000000000000000e+00 6.187004000000000303e+01
9.709634999999999794e-01 1.333376000000000049e-03 1.278674999999999962e+01 1.868062000000000111e+01 0.000000000000000000e+00 6.189475999999999800e+01
9.774549000000000154e-01 2.300744999999999874e-03 1.217294000000000054e+01 1.606492000000000075e+01 0.000000000000000000e+00 6.202503000000000100e+01
9.823882999999999921e-01 2.526875000000000041e-03 1.265841999999999956e+01 3.520071999999999690e+01 0.000000000000000000e+00 6.205841999999999814e+01
9.883703999999999823e-01 1.058452000000000091e-03 1.155480999999999980e+01 7.351328999999999780e+00 0.000000000000000000e+00 6.212521999999999878e+01
9.952729000000000159e-01 2.138740999999999993e-03 1.128463999999999956e+01 1.480568000000000062e+01 0.000000000000000000e+00 6.222073999999999927e+01
