# position, density, velocity and momentum of 20,000 cells fixed-grid interacting blast wave problem at t=0.038, only every 20th cell stored here
2.499999936845e-05 0.1457719504833 0.0002994508249685 67.48847198486
0.001025000005029 0.1457953155041 0.0122130010277 67.49028778076
0.002025000052527 0.1458079814911 0.02413677051663 67.4984588623
0.003024999983609 0.1458284854889 0.0360794365406 67.51174926758
0.004025000147521 0.145856410265 0.04803784564137 67.5298538208
0.005024999845773 0.1458911299706 0.06000481918454 67.55236053467
0.006025000009686 0.145932033658 0.07195597887039 67.57887268066
0.007025000173599 0.1459783613682 0.08387733250856 67.60891723633
0.00802499987185 0.1460296064615 0.09571601450443 67.64214324951
0.009025000035763 0.1460848897696 0.1074935942888 67.67800140381
0.01002500019968 0.1461440175772 0.1191254407167 67.71634674072
0.01102500036359 0.1462067216635 0.1305505931377 67.75703430176
0.01202499959618 0.1462715566158 0.1419380158186 67.79909515381
0.01302499976009 0.1463391631842 0.1531024426222 67.84297180176
0.014024999924 0.146409124136 0.1640584617853 67.8883895874
0.01502500008792 0.146481141448 0.1748142838478 67.93514251709
0.01602499932051 0.1465539932251 0.1855455487967 67.98244476318
0.01702499948442 0.1466264128685 0.1964451670647 68.02948760986
0.01802499964833 0.1466981321573 0.2075373381376 68.07608032227
0.01902499981225 0.1467692404985 0.2187923491001 68.12227630615
0.02002499997616 0.1468398571014 0.2301748991013 68.16816711426
0.02102500014007 0.1469101160765 0.2416562587023 68.21382904053
0.02202500030398 0.1469800770283 0.2532146275043 68.25932312012
0.0230250004679 0.147049844265 0.264833509922 68.3046875
0.02402500063181 0.1471194475889 0.2765007615089 68.34995269775
0.02502500079572 0.1471889168024 0.2882073223591 68.39514160156
0.02602499909699 0.1472582966089 0.2999460101128 68.44027709961
0.0270249992609 0.1473276168108 0.3117112517357 68.48538970947
0.02802499942482 0.1473968923092 0.3234986364841 68.53047180176
0.02902499958873 0.1474661380053 0.3353050649166 68.57554626465
0.03002499975264 0.1475353688002 0.3471279740334 68.62063598633
0.03102499991655 0.1476045846939 0.3589653074741 68.66570281982
0.03202499821782 0.1476738005877 0.3708153069019 68.71078491211
0.03302500024438 0.1477430313826 0.3826766610146 68.75588989258
0.03402499854565 0.1478122919798 0.3945484161377 68.80101776123
0.0350250005722 0.147881552577 0.4064297378063 68.84615325928
0.03602499887347 0.1479508429766 0.4183198213577 68.8913192749
0.03702500090003 0.1480201631784 0.4302188158035 68.93650817871
0.0380249992013 0.1480894982815 0.4421259760857 68.9817199707
0.03902500122786 0.148158878088 0.4540397822857 69.02697753906
0.04002499952912 0.1482282876968 0.4659603536129 69.07225799561
0.04102500155568 0.1482977420092 0.477887570858 69.11756896973
0.04202499985695 0.1483672261238 0.4898212850094 69.16291046143
0.04302499815822 0.1484367549419 0.5017611980438 69.2082901001
0.04402500018477 0.1485063135624 0.5137071013451 69.25370025635
0.04502499848604 0.1485759317875 0.5256587266922 69.29914855957
0.0460250005126 0.1486455798149 0.5376157164574 69.34463500977
0.04702499881387 0.1487152725458 0.5495777726173 69.39015960693
0.04802500084043 0.1487850248814 0.5615447163582 69.43572235107
0.04902499914169 0.1488548070192 0.573516190052 69.48132324219
0.05002500116825 0.1489246487617 0.5854918956757 69.52696990967
0.05102499946952 0.1489945501089 0.5974715352058 69.57266235352
0.05202500149608 0.1490644961596 0.6094546318054 69.61839294434
0.05302499979734 0.1491345018148 0.6214407086372 69.66416931152
0.0540250018239 0.1492045670748 0.6334291100502 69.70999908447
0.05502500012517 0.1492747068405 0.6454190611839 69.75588226318
0.05602499842644 0.1493449211121 0.6574093699455 69.80181884766
0.057025000453 0.1494152098894 0.669398188591 69.84781646729
0.05802499875426 0.1494855880737 0.6813843846321 69.89387512207
0.05902500078082 0.1495560705662 0.6933668851852 69.94002532959
0.06002499908209 0.1496266573668 0.7053439021111 69.98623657227
0.06102500110865 0.1496973633766 0.7173131108284 70.03253936768
0.06202499940991 0.1497682183981 0.729271709919 70.078956604
0.06302499771118 0.14983920753 0.7412166595459 70.12546539307
0.06402499973774 0.149910390377 0.7531444430351 70.17211151123
0.0650250017643 0.1499817669392 0.7650513648987 70.2188873291
0.06602499634027 0.1500533670187 0.7769337296486 70.26582336426
0.06702499836683 0.1501251906157 0.7887873053551 70.3129196167
0.06802500039339 0.1501973122358 0.8006066679955 70.3602142334
0.06902500241995 0.1502697467804 0.8123852014542 70.40771484375
0.07002499699593 0.1503425240517 0.8241155743599 70.45545959473
0.07102499902248 0.1504157185555 0.8357919454575 70.5034866333
0.07202500104904 0.1504893153906 0.8474103212357 70.55178833008
0.0730250030756 0.1505633592606 0.8589677214622 70.60038757324
0.07402499765158 0.1506378501654 0.8704609870911 70.64929962158
0.07502499967813 0.1507128328085 0.8818850517273 70.69853210449
0.07602500170469 0.1507883518934 0.893231511116 70.74813079834
0.07702499628067 0.1508644521236 0.9044924378395 70.7981338501
0.07802499830723 0.1509411334991 0.9156674146652 70.84851074219
0.07902500033379 0.1510183811188 0.9267612099648 70.89928436279
0.08002500236034 0.1510961949825 0.9377746582031 70.95043182373
0.08102499693632 0.1511745750904 0.9487042427063 71.00196075439
0.08202499896288 0.1512535363436 0.9595509171486 71.05389404297
0.08302500098944 0.1513330340385 0.9703206419945 71.10617828369
0.084025003016 0.1514130234718 0.9810186028481 71.15879821777
0.08502499759197 0.1514935046434 0.9916498661041 71.21175384521
0.08602499961853 0.1515744328499 1.002221465111 71.26502227783
0.08702500164509 0.1516557335854 1.01274228096 71.31855010986
0.08802500367165 0.1517373621464 1.023223400116 71.37229156494
0.08902499824762 0.1518191844225 1.033685922623 71.42617797852
0.09002500027418 0.1519010812044 1.044149518013 71.48012542725
0.09102500230074 0.1519829332829 1.05463552475 71.53405761719
0.09202499687672 0.1520647257566 1.065148711205 71.58795928955
0.09302499890327 0.1521464139223 1.075691103935 71.64179992676
0.09402500092983 0.1522280275822 1.086264371872 71.69561004639
0.09502500295639 0.1523095220327 1.096868515015 71.74935150146
0.09602499753237 0.1523909419775 1.10750234127 71.80305480957
0.09702499955893 0.1524722874165 1.118162870407 71.8567199707
0.09802500158548 0.1525535732508 1.128846645355 71.91036224365
0.09902500361204 0.1526348441839 1.139550685883 71.96398925781
0.100024998188 0.1527160853148 1.150272727013 72.01762390137
0.1010250002146 0.1527972966433 1.16101193428 72.07124328613
0.1020250022411 0.1528785079718 1.171768069267 72.12487792969
0.1030249968171 0.1529597193003 1.182539701462 72.17852783203
0.1040249988437 0.1530409306288 1.193324446678 72.23217773438
0.1050250008702 0.1531221568584 1.204120755196 72.2858581543
0.1060250028968 0.1532033979893 1.214928507805 72.33955383301
0.1070249974728 0.1532846540213 1.225748419762 72.3932800293
0.1080249994993 0.1533659249544 1.236580491066 72.44702148438
0.1090250015259 0.1534472256899 1.247423648834 72.50079345703
0.1100250035524 0.1535285413265 1.258276581764 72.55458831787
0.1110249981284 0.1536099016666 1.269139170647 72.60842895508
0.112025000155 0.1536912769079 1.280012011528 72.66227722168
0.1130250021815 0.1537726670504 1.290895104408 72.71614837646
0.1140249967575 0.1538541018963 1.301788210869 72.77007293701
0.1150249987841 0.1539355516434 1.312690854073 72.82400512695
0.1160250008106 0.1540170311928 1.323602676392 72.87799072266
0.1170250028372 0.1540985554457 1.334524273872 72.93199157715
0.1180249974132 0.1541800945997 1.345455288887 72.98603057861
0.1190249994397 0.1542616635561 1.356395721436 73.04010009766
0.1200250014663 0.154343277216 1.367346048355 73.09420013428
0.1210250034928 0.1544248908758 1.378306984901 73.14830780029
0.1220249980688 0.154506534338 1.389278650284 73.20246124268
0.1230250000954 0.1545882374048 1.400256276131 73.25666809082
0.1240250021219 0.1546700745821 1.411223530769 73.3109664917
0.1250250041485 0.1547520905733 1.422177195549 73.36538696289
0.126025006175 0.1548339724541 1.433166861534 73.41974639893
0.1270249933004 0.1549155861139 1.444215655327 73.47393035889
0.128024995327 0.154997125268 1.455292701721 73.52806854248
0.1290249973536 0.1550788283348 1.46635556221 73.58234405518
0.1300249993801 0.155160933733 1.477364420891 73.63688659668
0.1310250014067 0.1552430838346 1.48838198185 73.69147491455
0.1320250034332 0.1553249657154 1.499457001686 73.74589538574
0.1330250054598 0.1554067581892 1.510562539101 73.80027008057
0.1340249925852 0.1554885804653 1.521677732468 73.85468292236
0.1350249946117 0.1555707901716 1.532741069794 73.90935516357
0.1360249966383 0.155653283 1.543773770332 73.96422576904
0.1370249986649 0.1557355523109 1.554856777191 74.01895904541
0.1380250006914 0.1558175981045 1.565990686417 74.07355499268
0.139025002718 0.1558995991945 1.577148079872 74.12813568115
0.1400250047445 0.1559817939997 1.588287115097 74.18286132812
0.1410250067711 0.1560642123222 1.599402785301 74.23773956299
0.1420249938965 0.1561466008425 1.610539674759 74.29261779785
0.143024995923 0.1562288999557 1.621704101562 74.34744262695
0.1440249979496 0.156311199069 1.632882475853 74.40227508545
0.1450249999762 0.1563936173916 1.644058942795 74.45720672607
0.1460250020027 0.1564760804176 1.655238389969 74.51217651367
0.1470250040293 0.1565585434437 1.666434407234 74.56715393066
0.1480250060558 0.1566410213709 1.677642464638 74.62215423584
0.1490249931812 0.1567235589027 1.688853740692 74.67721557617
0.1500249952078 0.1568061411381 1.700071930885 74.73230743408
0.1510249972343 0.1568887382746 1.71130156517 74.78742218018
0.1520249992609 0.1569713801146 1.722540616989 74.84258270264
0.1530250012875 0.1570540517569 1.73378765583 74.89777374268
0.154025003314 0.1571367532015 1.74504339695 74.95299530029
0.1550250053406 0.1572194844484 1.756308197975 75.00824737549
0.1560250073671 0.1573022603989 1.767581701279 75.06353759766
0.1570249944925 0.1573850661516 1.778864145279 75.11887359619
0.1580249965191 0.1574679017067 1.790155172348 75.17422485352
0.1590249985456 0.1575507968664 1.801453828812 75.2296295166
0.1600250005722 0.1576337069273 1.812760472298 75.28506469727
0.1610250025988 0.1577166616917 1.82407617569 75.34053039551
0.1620250046253 0.1577996462584 1.835401773453 75.39604187012
0.1630250066519 0.1578826606274 1.846737146378 75.45157623291
0.1640249937773 0.1579657047987 1.858080625534 75.50714111328
0.1650249958038 0.1580487936735 1.869430303574 75.56275177002
0.1660249978304 0.158131942153 1.880787730217 75.61840820312
0.1670249998569 0.1582151055336 1.892154693604 75.67409515381
0.1680250018835 0.1582982987165 1.903531193733 75.72980499268
0.1690250039101 0.1583815217018 1.91491663456 75.78555297852
0.1700250059366 0.1584647893906 1.92630982399 75.84133911133
0.171024993062 0.1585480868816 1.937711238861 75.89715576172
0.1720249950886 0.158631414175 1.949121236801 75.95301055908
0.1730249971151 0.1587147861719 1.960539102554 76.00889587402
0.1740249991417 0.1587981879711 1.971964597702 76.06483459473
0.1750250011683 0.1588816344738 1.983398914337 76.12078857422
0.1760250031948 0.1589651107788 1.994842767715 76.17678833008
0.1770250052214 0.159048601985 2.006295919418 76.23280334473
0.1780250072479 0.1591321378946 2.017756700516 76.28887176514
0.1790249943733 0.1592157334089 2.029224395752 76.34497833252
0.1800249963999 0.1592993438244 2.040700435638 76.40111541748
0.1810249984264 0.1593829989433 2.052185297012 76.45729827881
0.182025000453 0.1594666838646 2.063678741455 76.51349639893
0.1830250024796 0.1595504134893 2.075181007385 76.5697479248
0.1840250045061 0.1596341580153 2.086692333221 76.62601470947
0.1850250065327 0.1597179472446 2.098212718964 76.6823348999
0.1860249936581 0.1598017811775 2.109740257263 76.7386932373
0.1870249956846 0.1598856449127 2.121273994446 76.79507446289
0.1880249977112 0.1599695682526 2.132815599442 76.85151672363
0.1890249997377 0.1600535064936 2.144366502762 76.90797424316
0.1900250017643 0.1601374894381 2.155926942825 76.96446990967
0.1910250037909 0.1602214872837 2.167496204376 77.02099609375
0.1920250058174 0.160305544734 2.179073095322 77.07757568359
0.1930249929428 0.1603896319866 2.190657377243 77.13418579102
0.1940249949694 0.1604737490416 2.202250480652 77.19082641602
0.1950249969959 0.1605579108 2.21385216713 77.24750518799
0.1960249990225 0.1606421023607 2.225462198257 77.30422210693
0.197025001049 0.160726338625 2.237079620361 77.36097717285
0.1980250030756 0.1608106046915 2.248704910278 77.41777038574
0.1990250051022 0.1608949154615 2.260339021683 77.47459411621
0.2000250071287 0.1609792560339 2.271981954575 77.53146362305
0.2010249942541 0.1610636264086 2.283633470535 77.58834838867
0.2020249962807 0.1611480414867 2.295292615891 77.64528656006
0.2030249983072 0.1612325012684 2.306958913803 77.70227050781
0.2040250003338 0.1613169908524 2.318633317947 77.75927734375
0.2050250023603 0.1614015251398 2.330317020416 77.81633758545
0.2060250043869 0.1614860743284 2.342009305954 77.87341308594
0.2070250064135 0.1615706831217 2.353709459305 77.93053436279
0.2080249935389 0.1616553217173 2.365416049957 77.98769378662
0.2090249955654 0.1617400199175 2.377129554749 78.04490661621
0.210024997592 0.16182474792 2.388851642609 78.10214233398
0.2110249996185 0.1619094908237 2.400583744049 78.15942382812
0.2120250016451 0.1619942635298 2.412326574326 78.21671295166
0.2130250036716 0.1620790809393 2.424077272415 78.27404785156
0.2140250056982 0.1621639579535 2.435831785202 78.33144378662
0.2150249928236 0.1622488945723 2.447590827942 78.38888549805
0.2160249948502 0.1623338609934 2.459360361099 78.44636535645
0.2170249968767 0.1624188274145 2.471142053604 78.50386047363
0.2180249989033 0.162503823638 2.482933044434 78.561378479
0.2190250009298 0.1625888794661 2.494729042053 78.61895751953
0.2200250029564 0.1626739948988 2.506530761719 78.67658233643
0.2210250049829 0.1627591401339 2.518342494965 78.7342300415
0.2220250070095 0.1628443002701 2.530164003372 78.79191589355
0.2230249941349 0.1629295051098 2.541993379593 78.84963989258
0.2240249961615 0.163014754653 2.553828954697 78.90740203857
0.225024998188 0.1631000339985 2.565672636032 78.96520233154
0.2260250002146 0.1631853729486 2.577524662018 79.02304840088
0.2270250022411 0.1632707417011 2.589383840561 79.08093261719
0.2280250042677 0.1633561551571 2.601250648499 79.13885498047
0.2290250062943 0.1634415984154 2.613125801086 79.19681549072
0.2300249934196 0.1635270863771 2.625009536743 79.25482177734
0.2310249954462 0.1636126041412 2.636901855469 79.31285095215
0.2320249974728 0.1636981517076 2.648802042007 79.37091064453
0.2330249994993 0.1637837588787 2.660708904266 79.42903137207
0.2340250015259 0.1638694107533 2.672622919083 79.48718261719
0.2350250035524 0.1639550924301 2.684545278549 79.54537200928
0.236025005579 0.1640408039093 2.696475982666 79.60360717773
0.2370249927044 0.164126560092 2.708415031433 79.66187286377
0.2380249947309 0.164212346077 2.720361948013 79.72016906738
0.2390249967575 0.1642981916666 2.732315778732 79.77851867676
0.2400249987841 0.1643840670586 2.744276762009 79.83690643311
0.2410250008106 0.164469987154 2.756245851517 79.89532470703
0.2420250028372 0.1645559370518 2.768223762512 79.95378875732
0.2430250048637 0.164641931653 2.780208826065 80.01229095459
0.2440250068903 0.1647279709578 2.79220032692 80.07083129883
0.2450249940157 0.164814054966 2.804199457169 80.12942504883
0.2460249960423 0.1649001687765 2.816207885742 80.18804931641
0.2470249980688 0.1649863123894 2.828225851059 80.24669647217
0.2480250000954 0.1650724858046 2.840250968933 80.3053817749
0.2490250021219 0.1651587337255 2.852281570435 80.36412811279
0.2500250041485 0.1652450114489 2.864320039749 80.42290496826
0.2510249912739 0.1653313338757 2.876367092133 80.48173522949
0.2520250082016 0.1654176861048 2.888422727585 80.54058837891
0.253024995327 0.1655040681362 2.900486469269 80.59947967529
0.2540250122547 0.1655905097723 2.91255736351 80.65842437744
0.2550249993801 0.1656769812107 2.92463517189 80.71738433838
0.2560249865055 0.1657634973526 2.936719179153 80.77640533447
0.2570250034332 0.1658500730991 2.948811292648 80.83547973633
0.2580249905586 0.1659366637468 2.960911512375 80.89456939697
0.2590250074863 0.166023299098 2.973020076752 80.95370483398
0.2600249946117 0.1661099791527 2.98513674736 81.01288604736
0.2610250115395 0.1661966890097 2.997260570526 81.07209014893
0.2620249986649 0.1662834435701 3.009391307831 81.13134765625
0.2630249857903 0.1663702577353 3.02152967453 81.19065093994
0.264025002718 0.1664570868015 3.033675909042 81.24999237061
0.2650249898434 0.1665439754725 3.045829534531 81.30936431885
0.2660250067711 0.1666308939457 3.057990312576 81.36878967285
0.2670249938965 0.1667178720236 3.070158720016 81.42824554443
0.2680250108242 0.1668048799038 3.08233499527 81.48775482178
0.2690249979496 0.1668919175863 3.094519138336 81.5472869873
0.2700250148773 0.1669790148735 3.106710910797 81.60687255859
0.2710250020027 0.167066141963 3.118909835815 81.66648864746
0.2720249891281 0.167153313756 3.131116390228 81.7261505127
0.2730250060558 0.1672405153513 3.143330574036 81.7858505249
0.2740249931812 0.1673277765512 3.155552387238 81.84559631348
0.2750250101089 0.1674150675535 3.167781591415 81.90538787842
0.2760249972343 0.1675024032593 3.180017948151 81.96520996094
0.2770250141621 0.1675897836685 3.192261695862 82.02507781982
0.2780250012875 0.1676772087812 3.204513072968 82.08499145508
0.2790249884129 0.1677646636963 3.216772079468 82.14493560791
0.2800250053406 0.167852178216 3.229038715363 82.20492553711
0.281024992466 0.167939722538 3.241312742233 82.26496124268
0.2820250093937 0.1680272966623 3.25359416008 82.32501983643
0.2830249965191 0.1681149303913 3.265882968903 82.38513946533
0.2840250134468 0.1682025939226 3.27817940712 82.44528961182
0.2850250005722 0.1682903170586 3.290483474731 82.50549316406
0.2860249876976 0.1683780699968 3.302794933319 82.56572723389
0.2870250046253 0.1684658676386 3.315113782883 82.62600708008
0.2880249917507 0.1685537099838 3.327438116074 82.68633270264
0.2890250086784 0.1686416119337 3.339767217636 82.74670410156
0.2900249958038 0.1687295734882 3.352103471756 82.80713653564
0.2910250127316 0.1688175499439 3.364450216293 82.86759185791
0.2920249998569 0.1689055413008 3.376808166504 82.92807006836
0.2930249869823 0.1689935624599 3.389174222946 82.98858642578
0.2940250039101 0.1690816581249 3.401544809341 83.04914855957
0.2950249910355 0.1691697984934 3.413921356201 83.10977172852
0.2960250079632 0.1692579686642 3.42630815506 83.17041778564
0.2970249950886 0.1693461686373 3.438704013824 83.23109436035
0.2980250120163 0.169434428215 3.451104640961 83.29183197021
0.2990249991417 0.1695227473974 3.463508605957 83.35262298584
0.3000249862671 0.1696111410856 3.475917100906 83.41347503662
0.3010250031948 0.1696995645761 3.48833322525 83.47436523438
0.3020249903202 0.169788017869 3.500759363174 83.53528594971
0.3030250072479 0.1698764711618 3.513197898865 83.59621429443
0.3040249943733 0.1699649840593 3.525644302368 83.65719604492
0.305025011301 0.1700535565615 3.538093805313 83.71823883057
0.3060249984264 0.1701421886683 3.550545930862 83.77933502197
0.3070249855518 0.1702308654785 3.563009262085 83.84046936035
0.3080250024796 0.1703195422888 3.575483798981 83.90161895752
0.3090249896049 0.1704082638025 3.587964296341 83.96281433105
0.3100250065327 0.1704970598221 3.600449323654 84.02407836914
0.3110249936581 0.1705859005451 3.612941741943 84.0853729248
0.3120250105858 0.1706747561693 3.625443458557 84.14670562744
0.3130249977112 0.1707636713982 3.637951612473 84.20808410645
0.3140250146389 0.1708526462317 3.650465726852 84.26951599121
0.3150250017643 0.1709416508675 3.662987470627 84.33097839355
0.3160249888897 0.1710307002068 3.675516605377 84.39248657227
0.3170250058174 0.1711197942495 3.688052892685 84.45404815674
0.3180249929428 0.1712089329958 3.700596570969 84.51564025879
0.3190250098705 0.1712981164455 3.713147640228 84.5772857666
0.3200249969959 0.1713873296976 3.725705623627 84.6389541626
0.3210250139236 0.1714766025543 3.738270521164 84.70068359375
0.322025001049 0.1715659201145 3.750842809677 84.76245117188
0.3230249881744 0.1716552823782 3.763422489166 84.82427215576
0.3240250051022 0.1717446744442 3.776009321213 84.88612365723
0.3250249922276 0.1718341261148 3.788602352142 84.94802093506
0.3260250091553 0.171923622489 3.801202058792 85.00997161865
0.3270249962807 0.1720131635666 3.813809156418 85.07196044922
0.3280250132084 0.1721027344465 3.826423168182 85.13398742676
0.3290250003338 0.1721923649311 3.839044332504 85.19606781006
0.3300249874592 0.1722820401192 3.851672887802 85.25818634033
0.3310250043869 0.1723717451096 3.864308595657 85.32035064697
0.3320249915123 0.1724615097046 3.87695145607 85.38255310059
0.33302500844 0.1725513190031 3.889600753784 85.44480895996
0.3340249955654 0.1726411581039 3.902257204056 85.50710296631
0.3350250124931 0.1727310568094 3.914921045303 85.56944274902
0.3360249996185 0.1728209853172 3.927592277527 85.63182067871
0.3370249867439 0.1729109734297 3.940270662308 85.69424438477
0.3380250036716 0.1730009913445 3.95295548439 85.75670623779
0.339024990797 0.173091083765 3.965646266937 85.81924438477
0.3400250077248 0.1731812059879 3.978343963623 85.88180541992
0.3410249948502 0.1732713729143 3.991049528122 85.94441223145
0.3420250117779 0.1733615845442 4.003763198853 86.00706481934
0.3430249989033 0.1734518259764 4.016484260559 86.0697479248
0.3440249860287 0.1735421270132 4.029211044312 86.13248443604
0.3450250029564 0.1736324727535 4.041944503784 86.19526672363
0.3460249900818 0.1737228631973 4.054685115814 86.2580947876
0.3470250070095 0.1738132983446 4.067433357239 86.32096099854
0.3480249941349 0.1739037781954 4.080188274384 86.38388061523
0.3490250110626 0.1739943027496 4.092948436737 86.4468460083
0.350024998188 0.1740849018097 4.105713367462 86.50986480713
0.3510249853134 0.1741755306721 4.118485450745 86.57292938232
0.3520250022411 0.1742662042379 4.131266593933 86.6360244751
0.3530249893665 0.1743569076061 4.144057273865 86.69917297363
0.3540250062943 0.1744476407766 4.156855583191 86.76233673096
0.3550249934196 0.1745384335518 4.169659137726 86.82556915283
0.3560250103474 0.1746293008327 4.182466983795 86.88885498047
0.3570249974728 0.1747202128172 4.195281505585 86.95218658447
0.3580250144005 0.1748111397028 4.208105564117 87.01554870605
0.3590250015259 0.174902126193 4.220936775208 87.0789642334
0.3600249886513 0.1749931573868 4.233774185181 87.14241790771
0.361025005579 0.1750842481852 4.2466173172 87.20592498779
0.3620249927044 0.1751753687859 4.259467601776 87.26947784424
0.3630250096321 0.17526653409 4.272325992584 87.33306884766
0.3640249967575 0.1753577589989 4.285190582275 87.39671325684
0.3650250136852 0.1754490286112 4.29806137085 87.46039581299
0.3660250008106 0.175540342927 4.310938835144 87.5241317749
0.367024987936 0.1756317168474 4.323823451996 87.58792877197
0.3680250048637 0.1757231205702 4.336714744568 87.65174865723
0.3690249919891 0.1758145689964 4.34961271286 87.71561431885
0.3700250089169 0.1759060621262 4.362517356873 87.77953338623
0.3710249960423 0.1759976148605 4.375429153442 87.84349060059
0.37202501297 0.1760891973972 4.388347148895 87.90749359131
0.3730250000954 0.1761808246374 4.401272296906 87.9715423584
0.3740249872208 0.1762724965811 4.414204120636 88.03562927246
0.3750250041485 0.1763642281294 4.427142620087 88.09978485107
0.3760249912739 0.17645598948 4.440086841583 88.16396331787
0.3770250082016 0.1765478104353 4.453035354614 88.22818756104
0.378024995327 0.1766396909952 4.465988636017 88.29248046875
0.3790250122547 0.1767316162586 4.478947639465 88.35681915283
0.3800249993801 0.1768235564232 4.49191570282 88.4211730957
0.3810249865055 0.1769155263901 4.504892349243 88.48557281494
0.3820250034332 0.1770075261593 4.517876625061 88.54999542236
0.3830249905586 0.177099570632 4.530867576599 88.61447143555
0.3840250074863 0.1771916598082 4.543864250183 88.6789855957
0.3850249946117 0.1772837787867 4.556867599487 88.74353027344
0.3860250115395 0.1773759126663 4.569882392883 88.80811309814
0.3870249986649 0.177468046546 4.582911491394 88.87269592285
0.3880249857903 0.1775601506233 4.595958709717 88.93727874756
0.389025002718 0.1776521801949 4.609027385712 89.0018157959
0.3900249898434 0.1777441203594 4.622124195099 89.06630706787
0.3910250067711 0.1778358817101 4.635261535645 89.13069152832
0.3920249938965 0.1779273748398 4.648451805115 89.1949005127
0.3930250108242 0.1780184954405 4.66171169281 89.25885009766
0.3940249979496 0.1781090945005 4.675062656403 89.32244873047
0.3950250148773 0.178198993206 4.688529491425 89.38558197021
0.3960250020027 0.1782880574465 4.702140808105 89.44812774658
0.3970249891281 0.1783760786057 4.715925693512 89.50996398926
0.3980250060558 0.1784628629684 4.729913711548 89.57093811035
0.3990249931812 0.1785482466221 4.744135379791 89.63094329834
0.4000250101089 0.1786320209503 4.758616447449 89.68981933594
0.4010249972343 0.1787140518427 4.773383617401 89.74749755859
0.4020250141621 0.1787942796946 4.788463592529 89.80389404297
0.4030250012875 0.1788727492094 4.803891181946 89.85908508301
0.4040249884129 0.1789495944977 4.81970500946 89.91313934326
0.4050250053406 0.1790249347687 4.835937976837 89.96613311768
0.406024992466 0.1790988445282 4.852603435516 90.0181427002
0.4070250093937 0.1791712492704 4.869688034058 90.06909179688
0.4080249965191 0.1792419999838 4.887157917023 90.11888885498
0.4090250134468 0.1793103665113 4.904891014099 90.16701507568
0.4100250005722 0.1793759763241 4.922811985016 90.21321105957
0.4110249876976 0.1794385313988 4.940857410431 90.2572555542
0.4120250046253 0.1794978678226 4.958980083466 90.29904174805
0.4130249917507 0.1795541495085 4.977171421051 90.33867645264
0.4140250086784 0.1796079576015 4.995485782623 90.37658691406
0.4150249958038 0.1796599626541 5.013989448547 90.413230896
0.4160250127316 0.1797105371952 5.032701015472 90.44886016846
0.4170249998569 0.1797600239515 5.051633358002 90.48372650146
0.4180249869823 0.179808780551 5.070808887482 90.51808929443
0.4190250039101 0.1798571646214 5.09024143219 90.55219268799
0.4200249910355 0.179905295372 5.10992193222 90.58612060547
0.4210250079632 0.1799530982971 5.129806518555 90.61981964111
0.4220249950886 0.1800003349781 5.149835109711 90.65312194824
0.4230250120163 0.1800469309092 5.169971942902 90.68598175049
0.4240249991417 0.1800929605961 5.190203666687 90.71844482422
0.4250249862671 0.1801385432482 5.210526943207 90.75058746338
0.4260250031948 0.1801836788654 5.230926513672 90.78242492676
0.4270249903202 0.1802283972502 5.251390457153 90.81396484375
0.4280250072479 0.180272758007 5.271912574768 90.84526062012
0.4290249943733 0.1803168356419 5.29248714447 90.87635803223
0.430025011301 0.1803606301546 5.313106060028 90.90726470947
0.4310249984264 0.1804042011499 5.333765506744 90.93801879883
0.4320249855518 0.1804475784302 5.354461193085 90.96862792969
0.4330250024796 0.1804907619953 5.375188350677 90.99910736084
0.4340249896049 0.18053381145 5.395943164825 91.02949523926
0.4350250065327 0.1805767416954 5.416723251343 91.05979919434
0.4360249936581 0.1806195378304 5.437525272369 91.09001159668
0.4370250105858 0.1806622594595 5.458347320557 91.12017822266
0.4380249977112 0.1807048916817 5.479187011719 91.15028381348
0.4390250146389 0.1807474642992 5.500041484833 91.18035888672
0.4400250017643 0.1807899922132 5.520910263062 91.21038818359
0.4410249888897 0.1808324605227 5.541791439056 91.24038696289
0.4420250058174 0.1808748990297 5.56268453598 91.2703704834
0.4430249929428 0.1809173077345 5.583587169647 91.30032348633
0.4440250098705 0.1809597015381 5.60449886322 91.33028411865
0.4450249969959 0.1810020804405 5.625418663025 91.36022186279
0.4460250139236 0.1810444444418 5.646346569061 91.39016723633
0.447025001049 0.1810867935419 5.667281150818 91.42009735107
0.4480249881744 0.181129142642 5.688222408295 91.45002746582
0.4490250051022 0.1811715066433 5.70916891098 91.47997283936
0.4500249922276 0.1812138557434 5.730121135712 91.50991821289
0.4510250091553 0.1812562197447 5.751078605652 91.53987121582
0.4520249962807 0.181298583746 5.772040843964 91.56982421875
0.4530250132084 0.1813409626484 5.793007850647 91.59979248047
0.4540250003338 0.181383356452 5.813978672028 91.62976837158
0.4550249874592 0.1814257651567 5.834953308105 91.65975952148
0.4560250043869 0.1814681738615 5.855932235718 91.68976593018
0.4570249915123 0.1815106123686 5.876915454865 91.71978759766
0.45802500844 0.1815530657768 5.897901058197 91.74982452393
0.4590249955654 0.1815955638885 5.918884754181 91.77988433838
0.4600250124931 0.1816381365061 5.939864635468 91.81002044678
0.4610249996185 0.1816807240248 5.960849761963 91.84015655518
0.4620249867439 0.1817231625319 5.98185968399 91.87019348145
0.4630250036716 0.1817654818296 6.00289440155 91.90013885498
0.464024990797 0.1818078905344 6.023921012878 91.93016815186
0.4650250077248 0.1818506121635 6.04490852356 91.96041107178
0.4660249948502 0.1818935126066 6.06587600708 91.99077606201
0.4670250117779 0.1819363087416 6.08686542511 92.02108764648
0.4680249989033 0.1819789409637 6.107884407043 92.05127716064
0.4690249860287 0.182021483779 6.128921031952 92.08140563965
0.4700250029564 0.182064011693 6.149964809418 92.11152648926
0.4710249900818 0.1821065843105 6.171009540558 92.14167785645
0.4720250070095 0.182149246335 6.192047595978 92.17190551758
0.4730249941349 0.1821920722723 6.213065624237 92.20224761963
0.4740250110626 0.1822350472212 6.234069347382 92.2327041626
0.475024998188 0.1822780072689 6.255081653595 92.26313781738
0.4760249853134 0.1823207885027 6.276124477386 92.29345703125
0.4770250022411 0.1823634803295 6.29718542099 92.32372283936
0.4780249893665 0.1824063062668 6.318234920502 92.3540725708
0.4790250062943 0.1824492812157 6.339267253876 92.38454437256
0.4800249934196 0.1824922859669 6.360301971436 92.41502380371
0.4810250103474 0.1825352013111 6.38135433197 92.4454498291
0.4820249974728 0.1825781017542 6.402414798737 92.4758682251
0.4830250144005 0.1826210767031 6.423470497131 92.50635528564
0.4840250015259 0.1826641112566 6.444524288177 92.53686523438
0.4850249886513 0.1827071458101 6.465582847595 92.56739044189
0.486025005579 0.1827501803637 6.486647129059 92.59791564941
0.4870249927044 0.1827932447195 6.507712364197 92.62847137451
0.4880250096321 0.1828363537788 6.528778553009 92.65905761719
0.4890249967575 0.1828794777393 6.549847126007 92.68965148926
0.4900250136852 0.182922616601 6.57091999054 92.72026824951
0.4910250008106 0.182965785265 6.591994762421 92.75090789795
0.492024987936 0.1830089837313 6.61307144165 92.78156280518
0.4930250048637 0.1830521970987 6.634150505066 92.81224060059
0.4940249919891 0.1830954402685 6.655231952667 92.84293365479
0.4950250089169 0.1831386983395 6.676316261292 92.87364959717
0.4960249960423 0.1831819713116 6.697403430939 92.90438079834
0.49702501297 0.1832252889872 6.718492984772 92.9351348877
0.4980250000954 0.1832686215639 6.739583969116 92.96591186523
0.4990249872208 0.1833119690418 6.760677337646 92.99669647217
0.5000249743462 0.1833553612232 6.781773090363 93.02751159668
0.5010250210762 0.1833987534046 6.802871227264 93.05834197998
0.5020250082016 0.1834421902895 6.823971748352 93.08920288086
0.503024995327 0.1834856420755 6.845075130463 93.12006378174
0.5040249824524 0.1835291087627 6.866180419922 93.15096282959
0.5050250291824 0.1835726052523 6.887288570404 93.18186950684
0.5060250163078 0.1836161315441 6.908398628235 93.21279907227
0.5070250034332 0.1836596727371 6.929511070251 93.24375152588
0.5080249905586 0.1837032437325 6.950625896454 93.27471923828
0.509024977684 0.1837468445301 6.971743583679 93.30571746826
0.5100250244141 0.1837904602289 6.992863178253 93.33673095703
0.5110250115395 0.1838341057301 7.013984680176 93.36776733398
0.5120249986649 0.1838777661324 7.035108089447 93.39881896973
0.5130249857903 0.1839214712381 7.056234359741 93.42990112305
0.5140249729156 0.1839651763439 7.077363491058 93.46098327637
0.5150250196457 0.184008911252 7.098495006561 93.49208831787
0.5160250067711 0.1840526610613 7.11962890625 93.52321624756
0.5170249938965 0.184096455574 7.140764713287 93.55437469482
0.5180249810219 0.1841402649879 7.161902427673 93.58555603027
0.5190250277519 0.184184089303 7.183043003082 93.61673736572
0.5200250148773 0.1842279434204 7.20418548584 93.64794158936
0.5210250020027 0.1842718273401 7.22533082962 93.67918395996
0.5220249891281 0.184315726161 7.24647808075 93.71042633057
0.5230249762535 0.1843596547842 7.267627716064 93.74169921875
0.5240250229836 0.1844036132097 7.288779735565 93.77298736572
0.5250250101089 0.1844475865364 7.309934139252 93.80430603027
0.5260249972343 0.1844915747643 7.331090450287 93.83563232422
0.5270249843597 0.1845356076956 7.352249145508 93.86698913574
0.5280249714851 0.1845796555281 7.373410224915 93.89836883545
0.5290250182152 0.1846237182617 7.39457321167 93.92974853516
0.5300250053406 0.1846678107977 7.415739059448 93.96116638184
0.531024992466 0.184711933136 7.436906337738 93.9925994873
0.5320249795914 0.1847560703754 7.458076477051 94.02405548096
0.5330250263214 0.1848002374172 7.479248523712 94.0555267334
0.5340250134468 0.1848444342613 7.500423431396 94.08702087402
0.5350250005722 0.1848886460066 7.521600246429 94.11853027344
0.5360249876976 0.1849328875542 7.542779445648 94.15007019043
0.537024974823 0.1849771440029 7.563960075378 94.18161773682
0.538025021553 0.185021430254 7.585143089294 94.21318817139
0.5390250086784 0.1850657463074 7.606328010559 94.24479675293
0.5400249958038 0.1851100921631 7.627515792847 94.27641296387
0.5410249829292 0.1851544380188 7.64870595932 94.30805206299
0.5420250296593 0.1851988136768 7.669898986816 94.3396987915
0.5430250167847 0.1852432191372 7.691094398499 94.37138366699
0.5440250039101 0.1852876394987 7.712291240692 94.40306854248
0.5450249910355 0.1853321045637 7.733489990234 94.43479919434
0.5460249781609 0.1853765845299 7.754691123962 94.46653747559
0.5470250248909 0.1854210793972 7.775894165039 94.49829864502
0.5480250120163 0.1854656040668 7.797099590302 94.53007507324
0.5490249991417 0.1855101436377 7.818307876587 94.56186676025
0.5500249862671 0.1855547130108 7.839518070221 94.59368896484
0.5510249733925 0.1855993121862 7.860730648041 94.62553405762
0.5520250201225 0.1856439262629 7.881945133209 94.65738677979
0.5530250072479 0.1856885552406 7.903162002563 94.68927001953
0.5540249943733 0.1857332140207 7.924381256104 94.72116851807
0.5550249814987 0.1857779026031 7.945602416992 94.75308990479
0.5560250282288 0.1858226209879 7.966824531555 94.78504943848
0.5570250153542 0.1858673542738 7.988048553467 94.81700897217
0.5580250024796 0.185912117362 8.009275436401 94.84900665283
0.5590249896049 0.1859568804502 8.030506134033 94.8810043335
0.5600249767303 0.1860016733408 8.051739692688 94.91302490234
0.5610250234604 0.1860464811325 8.072974205017 94.94506835938
0.5620250105858 0.1860913336277 8.094209671021 94.97714996338
0.5630249977112 0.1861362010241 8.115446090698 95.00924682617
0.5640249848366 0.1861810833216 8.136686325073 95.04135131836
0.565024971962 0.1862259656191 8.157929420471 95.07347869873
0.566025018692 0.1862708926201 8.179175376892 95.10562896729
0.5670250058174 0.1863158196211 8.200421333313 95.13780212402
0.5680249929428 0.1863607764244 8.221670150757 95.16999053955
0.5690249800682 0.1864057481289 8.242920875549 95.20221710205
0.5700250267982 0.1864507198334 8.264174461365 95.23443603516
0.5710250139236 0.1864957213402 8.285429000854 95.26670837402
0.572025001049 0.186540722847 8.306686401367 95.29898834229
0.5730249881744 0.1865857243538 8.327945709229 95.33127593994
0.5740249752998 0.1866307556629 8.349206924438 95.36359405518
0.5750250220299 0.1866757273674 8.370470046997 95.39594268799
0.5760250091553 0.186720713973 8.391735076904 95.4282989502
0.5770249962807 0.1867657899857 8.413002967834 95.46067810059
0.5780249834061 0.1868113279343 8.434271812439 95.49308776855
0.5790249705315 0.1868585050106 8.455543518066 95.52552032471
0.5800250172615 0.1869107782841 8.476817131042 95.55796051025
0.5810250043869 0.1869781017303 8.498093605042 95.59042358398
0.5820249915123 0.187087520957 8.519371986389 95.62291717529
0.5830249786377 0.1873087435961 8.54065322876 95.65544891357
0.5840250253677 0.1878128349781 8.561935424805 95.6880645752
0.5850250124931 0.1890009790659 8.583218574524 95.72082519531
0.5860249996185 0.1917608678341 8.604503631592 95.75393676758
0.5870249867439 0.1979356110096 8.625791549683 95.7878036499
0.5880249738693 0.2111153453588 8.647083282471 95.82327270508
0.5890250205994 0.2377949208021 8.66837978363 95.86211395264
0.5900250077248 0.2887868285179 8.689678192139 95.90753173828
0.5910249948502 0.3803927898407 8.710977554321 95.96516418457
0.5920249819756 0.5342569947243 8.732281684875 96.04386901855
0.5930250287056 0.7743230462074 8.753593444824 96.15663146973
0.594025015831 1.119426608086 8.774912834167 96.32035064697
0.5950250029564 1.505661845207 8.796243667603 96.55123138428
0.5960249900818 1.742787122726 8.817591667175 96.83698272705
0.5970249772072 1.86963558197 8.838958740234 97.15385437012
0.5980250239372 1.9329880476 8.860347747803 97.48690795898
0.5990250110626 1.963738679886 8.881757736206 97.8279876709
0.600024998188 1.979267239571 8.903188705444 98.17307281494
0.6010249853134 1.988286972046 8.924641609192 98.52034759521
0.6020249724388 1.994740366936 8.946113586426 98.86907958984
0.6030250191689 2.000256538391 8.967607498169 99.21898651123
0.6040250062943 2.0054666996 8.989120483398 99.56996154785
0.6050249934196 2.010582923889 9.010654449463 99.92196655273
0.606024980545 2.015663385391 9.032209396362 100.2750015259
0.6070250272751 2.020736932755 9.053784370422 100.6290512085
0.6080250144005 2.025819778442 9.075374603271 100.9842224121
0.6090250015259 2.030915737152 9.096998214722 101.3401947021
0.6100249886513 2.036031007767 9.118631362915 101.6973571777
0.6110249757767 2.041152238846 9.140283584595 102.0555801392
0.6120250225067 2.046278953552 9.161960601807 102.4147567749
0.6130250096321 2.051416635513 9.183654785156 102.7749862671
0.6140249967575 2.056565999985 9.205368995667 103.1362609863
0.6150249838829 2.061723947525 9.227102279663 103.4985733032
0.6160249710083 2.066890716553 9.24885559082 103.8619155884
0.6170250177383 2.072068214417 9.27062702179 104.2263183594
0.6180250048637 2.077255249023 9.292418479919 104.591758728
0.6190249919891 2.082451343536 9.314228057861 104.9582366943
0.6200249791145 2.08765745163 9.336057662964 105.3257598877
0.6210250258446 2.092873096466 9.357904434204 105.6943283081
0.62202501297 2.098098278046 9.379770278931 106.0639572144
0.6230250000954 2.103332996368 9.401654243469 106.4346160889
0.6240249872208 2.108577489853 9.423555374146 106.8063354492
0.6250249743462 2.113831281662 9.445475578308 107.1790924072
0.6260250210762 2.119094848633 9.467411994934 107.5529174805
0.6270250082016 2.124367713928 9.489367485046 107.9277648926
0.628024995327 2.129649877548 9.511342048645 108.3036499023
0.6290249824524 2.134942293167 9.53332901001 108.6806564331
0.6300250291824 2.140243768692 9.555335998535 109.0586624146
0.6310250163078 2.145554542542 9.577359199524 109.437713623
0.6320250034332 2.150874853134 9.599398612976 109.817817688
0.6330249905586 2.156204223633 9.621455192566 110.1989517212
0.634024977684 2.161543369293 9.643527030945 110.581161499
0.6350250244141 2.16689157486 9.665614128113 110.9644012451
0.6360250115395 2.172249078751 9.68771648407 111.3486862183
0.6370249986649 2.177615880966 9.709836006165 111.7340164185
0.6380249857903 2.182991981506 9.731967926025 112.1203918457
0.6390249729156 2.188377141953 9.754117012024 112.5078048706
0.6400250196457 2.193771600723 9.776280403137 112.8962783813
0.6410250067711 2.199175596237 9.798460006714 113.2858123779
0.6420249938965 2.204589366913 9.820656776428 113.6764297485
0.6430249810219 2.21001291275 9.842868804932 114.0681533813
0.6440250277519 2.215445756912 9.865096092224 114.4609069824
0.6450250148773 2.22088599205 9.887331008911 114.8545913696
0.6460250020027 2.226330041885 9.909559249878 115.2489318848
0.6470249891281 2.23180603981 9.931973457336 115.6459960938
0.6480249762535 5.280526638031 1.114686846733 420.10546875
0.6490250229836 5.274664878845 1.181864857674 419.6018066406
0.6500250101089 5.266606807709 1.246557235718 418.9533996582
0.6510249972343 5.255445480347 1.305194377899 417.9635314941
0.6520249843597 5.238164424896 1.351620674133 416.2940063477
0.6530249714851 5.217492580414 1.391144037247 414.2492675781
0.6540250182152 5.196430683136 1.42985200882 412.1634216309
0.6550250053406 5.175423622131 1.46855700016 410.0860900879
0.656024992466 5.154473304749 1.507335424423 408.0176696777
0.6570249795914 5.133590221405 1.546159505844 405.9586181641
0.6580250263214 5.112768650055 1.585031032562 403.9083251953
0.6590250134468 5.092083930969 1.623960137367 401.8670959473
0.6600250005722 5.07191991806 1.662944316864 399.8343811035
0.6610249876976 5.051736831665 1.702032446861 397.8081970215
0.662024974823 5.030330181122 1.741248488426 395.7861633301
0.663025021553 5.009053707123 1.780848860741 393.7562866211
0.6640250086784 4.98809671402 1.821432948112 391.6873474121
0.6650249958038 4.965913772583 1.864385008812 389.5071105957
0.6660249829292 4.941660404205 1.912011146545 387.097869873
0.6670250296593 4.914252281189 1.966559410095 384.3488464355
0.6680250167847 4.883450031281 2.028716087341 381.231048584
0.6690250039101 4.849698066711 2.097613811493 377.7967529297
0.6700249910355 4.81375837326 2.17173075676 374.1301269531
0.6710249781609 4.77628993988 2.249717712402 370.3047180176
0.6720250248909 4.737773418427 2.330616235733 366.3732910156
0.6730250120163 4.698561668396 2.413695335388 362.3745727539
0.6740249991417 4.658893108368 2.498436927795 358.3356323242
0.6750249862671 4.618948459625 2.584513664246 354.2756958008
0.6760249733925 4.578830718994 2.671645402908 350.2080688477
0.6770250201225 4.538624286652 2.75962138176 346.1454162598
0.6780250072479 4.498391628265 2.848323345184 342.0941162109
0.6790249943733 4.458274841309 2.937609195709 338.0616455078
0.6800249814987 4.418713569641 3.027412891388 334.0534667969
0.6810250282288 4.381927967072 3.117683887482 330.071685791
0.6820250153542 4.353817939758 3.208347797394 326.1161499023
0.6830250024796 4.340884685516 3.299200773239 322.1703796387
0.6840249896049 4.339938640594 3.390164852142 318.2204589844
0.6850249767303 4.334602355957 3.481274604797 314.2693786621
0.6860250234604 4.327858924866 3.572359085083 310.3314208984
0.6870250105858 4.32096862793 3.663408279419 306.4101867676
0.6880249977112 4.313889026642 3.75447010994 302.5055847168
0.6890249848366 4.306607246399 3.845566749573 298.6191711426
0.690024971962 4.298985958099 3.936704397202 294.7519226074
0.691025018692 4.290808677673 4.027851104736 290.9033813477
0.6920250058174 4.281994342804 4.118936538696 287.0714416504
0.6930249929428 4.272526741028 4.209969043732 283.2574768066
0.6940249800682 4.262434482574 4.300968170166 279.4631347656
0.6950250267982 4.251730918884 4.391938686371 275.6894226074
0.6960250139236 4.240426540375 4.482890605927 271.9373779297
0.697025001049 4.228536128998 4.573813438416 268.2074584961
0.6980249881744 4.216072559357 4.664736270905 264.5013427734
0.6990249752998 4.203015327454 4.755619525909 260.8182067871
0.7000250220299 4.189383983612 4.846514225006 257.1606750488
0.7010250091553 4.175176143646 4.937395095825 253.5284576416
0.7020249962807 4.16040802002 5.028259277344 249.922164917
0.7030249834061 4.145100593567 5.119110584259 246.3424377441
0.7040249705315 4.129271507263 5.209938049316 242.7894744873
0.7050250172615 4.112946987152 5.300749778748 239.2641448975
0.7060250043869 4.096129894257 5.391532421112 235.7663879395
0.7070249915123 4.07882642746 5.48228931427 232.2968902588
0.7080249786377 4.06102848053 5.573018550873 228.8560333252
0.7090250253677 4.042728424072 5.663712024689 225.4440765381
0.7100250124931 4.023921966553 5.754371166229 222.0614318848
0.7110249996185 4.004648208618 5.844996452332 218.7086791992
0.7120249867439 3.984905958176 5.935578346252 215.3858947754
0.7130249738693 3.964732170105 6.026124000549 212.0937652588
0.7140250205994 3.944137811661 6.116623401642 208.8323059082
0.7150250077248 3.923149347305 6.20707654953 205.6019287109
0.7160249948502 3.901784896851 6.297490596771 202.4032287598
0.7170249819756 3.880055427551 6.387863636017 199.2365570068
0.7180250287056 3.857987880707 6.478212356567 196.1027526855
0.719025015831 3.835567235947 6.568519115448 193.0015563965
0.7200250029564 3.812755346298 6.658727169037 189.9314727783
0.7210249900818 3.789499044418 6.748701095581 186.8885650635
0.7220249772072 3.76576590538 6.838337898254 183.8701019287
0.7230250239372 3.741514205933 6.927520751953 180.8729858398
0.7240250110626 3.716759443283 7.016226768494 177.8973083496
0.725024998188 3.691540002823 7.104462623596 174.9445953369
0.7260249853134 3.665911912918 7.192286491394 172.0176391602
0.7270249724388 3.63992023468 7.279765605927 169.1190948486
0.7280250191689 3.613622426987 7.366972446442 166.2515563965
0.7290250062943 3.587070465088 7.45395898819 163.4170684814
0.7300249934196 3.560301780701 7.540765762329 160.6172180176
0.731024980545 3.533351182938 7.627442359924 157.8537445068
0.7320250272751 3.506253957748 7.714049816132 155.1286315918
0.7330250144005 3.479084253311 7.800717830658 152.4458007812
0.7340250015259 3.451960325241 7.887676715851 149.8116149902
0.7350249886513 3.424994468689 7.975137710571 147.2317352295
0.7360249757767 3.397230625153 8.060914993286 144.6489868164
0.7370250225067 3.357747554779 8.119927406311 141.4209899902
0.7380250096321 3.320354223251 8.183208465576 138.376449585
0.7390249967575 3.305494070053 8.298157691956 136.6854095459
0.7400249838829 3.293786048889 8.420346260071 135.1974639893
0.7410249710083 3.280182361603 8.538034439087 133.6199645996
0.7420250177383 3.26605629921 8.654195785522 132.0354919434
0.7430250048637 3.251739025116 8.769325256348 130.4653015137
0.7440249919891 3.237428188324 8.88347530365 128.9191894531
0.7450249791145 3.223217964172 8.996591567993 127.4010009766
0.7460250258446 3.209528207779 9.107752799988 125.9322814941
0.74702501297 3.198853254318 9.211356163025 124.647026062
0.7480250000954 3.198476791382 9.290775299072 123.9327774048
0.7490249872208 3.217019081116 9.326631546021 124.2472229004
0.7500249743462 3.239940881729 9.35301399231 124.7889251709
0.7510250210762 3.256417036057 9.39439868927 124.9768066406
0.7520250082016 3.271467208862 9.439259529114 125.0825881958
0.753024995327 3.285742759705 9.486066818237 125.1415328979
0.7540249824524 3.299587965012 9.533951759338 125.1739044189
0.7550250291824 3.313139438629 9.582586288452 125.1879806519
0.7560250163078 3.326561450958 9.631722450256 125.1895141602
0.7570250034332 3.340010166168 9.681217193604 125.182762146
0.7580249905586 3.353579282761 9.730934143066 125.1695632935
0.759024977684 3.367389440536 9.780824661255 125.1511993408
0.7600250244141 3.383349657059 9.830840110779 125.1284255981
0.7610250115395 3.423938274384 9.880967140198 125.1015396118
0.7620249986649 3.50334072113 9.931201934814 125.0708999634
0.7630249857903 3.717183113098 9.98152923584 125.0355834961
0.7640249729156 4.221640110016 10.0319480896 124.9932098389
0.7650250196457 5.182035923004 10.08245277405 124.9387512207
0.7660250067711 5.939937591553 10.13307476044 124.868309021
0.7670249938965 6.189646720886 10.18382263184 124.7870407104
0.7680249810219 6.308702945709 10.23470783234 124.6983184814
0.7690250277519 6.322122573853 10.28576183319 124.6039276123
0.7700250148773 6.331864833832 10.33702659607 124.5052566528
0.7710250020027 6.341998577118 10.3885011673 124.4012756348
0.7720249891281 6.350375652313 10.44017887115 124.2908859253
0.7730249762535 6.359268188477 10.49205684662 124.1734390259
0.7740250229836 6.368494033813 10.54398345947 124.0437240601
0.7750250101089 6.37629365921 10.59553337097 123.8876647949
0.7760249972343 6.38213968277 10.64597511292 123.6812591553
0.7770249843597 6.385150909424 10.69432735443 123.3925018311
0.7780249714851 6.384114265442 10.73946475983 122.984992981
0.7790250182152 6.377274990082 10.78119659424 122.4538497925
0.7800250053406 6.361777305603 10.82053375244 121.8343429565
0.781024992466 6.337333202362 10.85839748383 121.1592254639
0.7820249795914 6.304817199707 10.89530467987 120.446685791
0.7830250263214 6.263181209564 10.93143177032 119.7039718628
0.7840250134468 6.220252990723 10.9669418335 118.9369125366
0.7850250005722 6.178268909454 11.00207805634 118.1517944336
0.7860249876976 6.135638237 11.0369977951 117.3499908447
0.787024974823 6.091807842255 11.07182788849 116.5269927979
0.788025021553 6.046673297882 11.10680675507 115.6750946045
0.7890250086784 5.999787330627 11.14232635498 114.7827453613
0.7900249958038 5.950489521027 11.1788444519 113.8364715576
0.7910249829292 5.898564815521 11.21671485901 112.8263092041
0.7920250296593 5.844198226929 11.2559967041 111.7515563965
0.7930250167847 5.787564277649 11.29641437531 110.6214752197
0.7940250039101 5.728889465332 11.33749389648 109.4511947632
0.7950249910355 5.665358066559 11.37872982025 108.2563400269
0.7960249781609 5.567760467529 11.41970729828 107.0523147583
0.7970250248909 5.253489017487 11.46015548706 105.8689422607
0.7980250120163 4.065361499786 11.49997901917 104.8193359375
0.7990249991417 1.662589788437 11.53929042816 104.1910171509
0.8000249862671 0.9345421791077 11.57838344574 103.9247665405
0.8010249733925 0.8558728098869 11.61735725403 103.7261505127
0.8020250201225 0.8532592058182 11.65622520447 103.5318069458
0.8030250072479 0.8569598197937 11.6950044632 103.3355789185
0.8040249943733 0.8587386608124 11.73370265961 103.1374206543
0.8050249814987 0.8594303131104 11.77235412598 102.9379882812
0.8060250282288 0.8594996333122 11.81099891663 102.7378463745
0.8070250153542 0.8591967225075 11.84967708588 102.5376815796
0.8080250024796 0.8586754798889 11.88845920563 102.3383560181
0.8090249896049 0.8580362200737 11.92744064331 102.140838623
0.8100249767303 0.8573390841484 11.96671581268 101.9463348389
0.8110250234604 0.8566184639931 12.00639915466 101.7559585571
0.8120250105858 0.8559011816978 12.04661178589 101.5710144043
0.8130249977112 0.855205476284 12.08747673035 101.3929672241
0.8140249848366 0.8545472621918 12.12912273407 101.2232131958
0.815024971962 0.8539357185364 12.17168331146 101.0629577637
0.816025018692 0.8533814549446 12.21526432037 100.9134140015
0.8170250058174 0.8528906702995 12.25993251801 100.7754745483
0.8180249929428 0.8524676561356 12.30574226379 100.6494522095
0.8190249800682 0.8521121144295 12.35270118713 100.5352935791
0.8200250267982 0.8518242835999 12.40076160431 100.4327011108
0.8210250139236 0.851596057415 12.44986248016 100.3405532837
0.822025001049 0.8514266610146 12.49986934662 100.2578277588
0.8230249881744 0.8513035178185 12.55066108704 100.183013916
0.8240249752998 0.8512198328972 12.60210609436 100.1145858765
0.8250250220299 0.8511638045311 12.65408802032 100.0509719849
0.8260250091553 0.8511373400688 12.70646476746 99.99130249023
0.8270249962807 0.8511200547218 12.75915813446 99.93431091309
0.8280249834061 0.8511137366295 12.81208896637 99.87910461426
0.8290249705315 0.8511108160019 12.86520004272 99.82507324219
0.8300250172615 0.8511118292809 12.91844940186 99.77169036865
0.8310250043869 0.8511130809784 12.97181606293 99.71848297119
0.8320249915123 0.8511218428612 13.02530384064 99.66503143311
0.8330249786377 0.8511168956757 13.078956604 99.61050415039
0.8340250253677 0.8510876893997 13.13296890259 99.55254364014
0.8350250124931 0.8509805798531 13.18825817108 99.48104858398
0.8360249996185 0.8510729074478 13.24059295654 99.4425201416
0.8370249867439 0.856362760067 13.21502494812 100.2546768188
0.8380249738693 0.8596136569977 13.22044086456 100.7332077026
0.8390250205994 0.8617847561836 13.24209594727 101.0351104736
0.8400250077248 0.8638770580292 13.26509666443 101.3237457275
0.8410249948502 0.8659473061562 13.28855228424 101.60887146
0.8420249819756 0.8680167198181 13.31216144562 101.8938064575
0.8430250287056 0.8700883388519 13.33584976196 102.1792984009
0.844025015831 0.8721680045128 13.35957145691 102.4658813477
0.8450250029564 0.87425583601 13.38331794739 102.7536773682
0.8460249900818 0.8763505220413 13.40709590912 103.0426483154
0.8470249772072 0.8784545063972 13.43090629578 103.332824707
0.8480250239372 0.8805651664734 13.45475959778 103.6240386963
0.8490250110626 0.8826829195023 13.47865581512 103.9163589478
0.850024998188 0.8848055005074 13.50259685516 104.2098236084
0.8510249853134 0.8869360685349 13.52660274506 104.5041732788
0.8520249724388 0.8890733122826 13.5506439209 104.7998046875
0.8530250191689 0.8912149071693 13.57475376129 105.0963592529
0.8540250062943 0.8933616876602 13.59892940521 105.3938674927
0.8550249934196 0.8955418467522 13.62317085266 105.6923751831
0.856024980545 0.8985636234283 13.64747142792 105.9920730591
0.8570250272751 0.9014490842819 13.6718454361 106.2930984497
0.8580250144005 0.9042607545853 13.69629764557 106.5952758789
0.8590250015259 0.9070709943771 13.72081851959 106.8987197876
0.8600249886513 0.9098736047745 13.74542999268 107.2032165527
0.8610249757767 0.9126607179642 13.77012062073 107.5089111328
0.8620250225067 0.9154189825058 13.79490184784 107.8156661987
0.8630250096321 0.9181326031685 13.81976604462 108.1236190796
0.8640249967575 0.9207835197449 13.84474277496 108.4325408936
0.8650249838829 0.9233618378639 13.86982822418 108.7434310913
0.8660249710083 0.3092538714409 -0.002754057291895 19.33932495117
0.8670250177383 0.3092958927155 -0.001482859137468 19.34300231934
0.8680250048637 0.3093239367008 -0.0006352987256832 19.34545707703
0.8690249919891 0.309336990118 -0.0002404666010989 19.34660148621
0.8700249791145 0.3093422651291 -8.091038762359e-05 19.34706306458
0.8710250258446 0.3093441128731 -2.499853871996e-05 19.34722518921
0.87202501297 0.3093447685242 -5.295662049321e-06 19.34728240967
0.8730250000954 0.3093449771404 5.211177267483e-07 19.34729957581
0.8740249872208 0.3093450069427 1.892195655273e-06 19.34730529785
0.8750249743462 0.3093450367451 1.927603989316e-06 19.34730529785
0.8760250210762 0.3093450069427 1.689757596068e-06 19.34730529785
0.8770250082016 0.3093450069427 1.497108200965e-06 19.34730148315
0.878024995327 0.3093450069427 1.344632778455e-06 19.34730148315
0.8790249824524 0.3093450069427 1.221625211656e-06 19.34730148315
0.8800250291824 0.3093450069427 1.072393729373e-06 19.34730148315
0.8810250163078 0.3093450069427 8.649446954223e-07 19.34730148315
0.8820250034332 0.3093450069427 7.374384836112e-07 19.34730148315
0.8830249905586 0.3093450069427 6.76557931456e-07 19.34730148315
0.884024977684 0.3093450069427 6.465838851e-07 19.34730148315
0.8850250244141 0.3093450069427 6.237887077987e-07 19.34730148315
0.8860250115395 0.3093450069427 5.475441753333e-07 19.34730148315
0.8870249986649 0.3093450069427 4.501283967784e-07 19.34730148315
0.8880249857903 0.3093449771404 4.012010776933e-07 19.34729957581
0.8890249729156 0.3093449771404 4.284957810796e-07 19.34729957581
0.8900250196457 0.3093449771404 4.547224250473e-07 19.34729957581
0.8910250067711 0.3093449771404 4.657561589738e-07 19.34729957581
0.8920249938965 0.3093449771404 4.036407688091e-07 19.34729957581
0.8930249810219 0.3093449771404 3.570642377326e-07 19.34729957581
0.8940250277519 0.3093449771404 3.578176972496e-07 19.34729957581
0.8950250148773 0.3093449771404 4.196073746243e-07 19.34729957581
0.8960250020027 0.3093449771404 4.56147404293e-07 19.34729957581
0.8970249891281 0.3093449771404 4.548807908122e-07 19.34729957581
0.8980249762535 0.3093449771404 3.898068996477e-07 19.34729957581
0.8990250229836 0.3093449771404 3.5807823906e-07 19.34729957581
0.9000250101089 0.3093449771404 3.889420554515e-07 19.34729957581
0.9010249972343 0.3093449771404 4.480671407237e-07 19.34729957581
0.9020249843597 0.3093449771404 4.769514703185e-07 19.34729957581
0.9030249714851 0.3093449771404 4.395525934342e-07 19.34729957581
0.9040250182152 0.3093449771404 3.790513005697e-07 19.34729957581
0.9050250053406 0.3093449771404 3.594812483243e-07 19.34729957581
0.906024992466 0.3093449771404 4.13057790638e-07 19.34729957581
0.9070249795914 0.3093449771404 4.546861305244e-07 19.34729957581
0.9080250263214 0.3093449771404 4.631168053493e-07 19.34729957581
0.9090250134468 0.3093449473381 3.905754795142e-07 19.34729766846
0.9100250005722 0.3093449473381 3.403909261124e-07 19.34729766846
0.9110249876976 0.3093449473381 3.423323278184e-07 19.34729766846
0.912024974823 0.3093449473381 4.027636180126e-07 19.34729766846
0.913025021553 0.3093449473381 4.323352698066e-07 19.34729766846
0.9140250086784 0.3093449473381 4.081236113507e-07 19.34729766846
0.9150249958038 0.3093449473381 3.278119606875e-07 19.34729766846
0.9160249829292 0.3093449473381 2.892210204664e-07 19.34729766846
0.9170250296593 0.3093449473381 3.192049291556e-07 19.34729766846
0.9180250167847 0.3093449473381 3.717253491686e-07 19.34729766846
0.9190250039101 0.3093449473381 3.864064694881e-07 19.34729766846
0.9200249910355 0.3093449473381 3.257487435349e-07 19.34729766846
0.9210249781609 0.3093449473381 2.581704166005e-07 19.34729766846
0.9220250248909 0.3093449473381 2.399998777491e-07 19.34729766846
0.9230250120163 0.3093449473381 2.963910787912e-07 19.34729766846
0.9240249991417 0.3093449473381 3.335507017255e-07 19.34729766846
0.9250249862671 0.3093449473381 3.265768668825e-07 19.34729766846
0.9260249733925 0.3093449473381 2.440603452669e-07 19.34729766846
0.9270250201225 0.3093449473381 1.925062065311e-07 19.34729766846
0.9280250072479 0.3093449473381 2.013124458244e-07 19.34729766846
0.9290249943733 0.3093449473381 2.673222923022e-07 19.34729766846
0.9300249814987 0.3093449473381 2.919677797308e-07 19.34729766846
0.9310250282288 0.3093449473381 2.576890096861e-07 19.34729766846
0.9320250153542 0.3093449473381 1.774483564532e-07 19.34729766846
0.9330250024796 0.3093449473381 1.468952461892e-07 19.34729766846
0.9340249896049 0.3093449473381 1.861997844799e-07 19.34729766846
0.9350249767303 0.3093449473381 2.468140110068e-07 19.34729766846
0.9360250234604 0.3093449473381 2.568290540239e-07 19.34729766846
0.9370250105858 0.3093449473381 1.881345781385e-07 19.34729766846
0.9380249977112 0.3093449473381 1.251557080195e-07 19.34729766846
0.9390249848366 0.3093449473381 1.193889289652e-07 19.34729766846
0.940024971962 0.3093449473381 1.872275845471e-07 19.34729766846
0.941025018692 0.3093449473381 2.297548036267e-07 19.34729766846
0.9420250058174 0.3093449473381 2.157954952509e-07 19.34729766846
0.9430249929428 0.3093449473381 1.295097717957e-07 19.34729766846
0.9440249800682 0.3093449473381 8.577693932921e-08 19.34729766846
0.9450250267982 0.3093449473381 1.065623962404e-07 19.34729766846
0.9460250139236 0.3093449473381 1.815612051814e-07 19.34729766846
0.947025001049 0.3093449473381 2.04777052204e-07 19.34729766846
0.9480249881744 0.3093449473381 1.603573451803e-07 19.34729766846
0.9490249752998 0.3093449473381 7.892010955857e-08 19.34729766846
0.9500250220299 0.3093449473381 5.853636864117e-08 19.34729766846
0.9510250091553 0.3093449473381 1.120434163226e-07 19.34729766846
0.9520249962807 0.3093449473381 1.722781917124e-07 19.34729766846
0.9530249834061 0.3093449473381 1.727301821575e-07 19.34729766846
0.9540249705315 0.3093449473381 9.157474778476e-08 19.34729766846
0.9550250172615 0.3093449473381 2.985246538856e-08 19.34729766846
0.9560250043869 0.3093449473381 3.234266188201e-08 19.34729766846
0.9570249915123 0.3093449473381 1.087572343295e-07 19.34729766846
0.9580249786377 0.3093449473381 1.244220158014e-07 19.34729766846
0.9590250253677 0.3093449771404 -1.292169002909e-07 19.34729957581
0.9600250124931 0.3093450367451 -1.957453378054e-06 19.34730529785
0.9610249996185 0.3093453943729 -1.286585120397e-05 19.34733772278
0.9620249867439 0.3093473017216 -7.106841076165e-05 19.34750366211
0.9630249738693 0.3093548715115 -0.000299651757814 19.34816741943
0.9640250205994 0.3093601763248 -0.0004600407555699 19.3486328125
0.9650250077248 0.3093602359295 -0.0004621838743333 19.34863853455
0.9660249948502 0.3093535602093 -0.0002602118765935 19.34805297852
0.9670249819756 0.3093476593494 -8.196840644814e-05 19.34753608704
0.9680250287056 0.3093454241753 -1.423613866791e-05 19.34733963013
0.969025015831 0.3093446195126 1.011264521367e-05 19.34727096558
0.9700250029564 0.3093444108963 1.715275539027e-05 19.34725189209
0.9710249900818 0.309344381094 1.751224590407e-05 19.34724807739
0.9720249772072 0.3093445003033 1.399004486302e-05 19.34725952148
0.9730250239372 0.3093446195126 9.869182576949e-06 19.34727096558
0.9740250110626 0.3093447387218 6.697333901684e-06 19.34728050232
0.975024998188 0.3093448281288 4.530435035122e-06 19.34728813171
0.9760249853134 0.3093448579311 2.941526872746e-06 19.34729194641
0.9770249724388 0.3093449175358 1.435084868717e-06 19.34729576111
0.9780250191689 0.3093449473381 5.818193216101e-08 19.34729766846
0.9790250062943 0.3093449771404 -7.033054885142e-07 19.34729957581
0.9800249934196 0.3093449771404 -8.385241585529e-07 19.34729957581
0.981024980545 0.3093450069427 -8.161084679159e-07 19.34730148315
0.9820250272751 0.3093449771404 -7.576306302326e-07 19.34729957581
0.9830250144005 0.3093449771404 -6.447422151723e-07 19.34729957581
0.9840250015259 0.3093449771404 -5.064129027232e-07 19.34729957581
0.9850249886513 0.3093449771404 -3.086118454121e-07 19.34729957581
0.9860249757767 0.3093449771404 -9.364752884267e-08 19.34729957581
0.9870250225067 0.3093449473381 1.569845693439e-07 19.34729766846
0.9880250096321 0.3093449473381 2.145724806724e-07 19.34729766846
0.9890249967575 0.3093449473381 1.761054022609e-07 19.34729766846
0.9900249838829 0.3093449473381 1.084124647832e-07 19.34729766846
0.9910249710083 0.3093449473381 1.372058591187e-07 19.34729766846
0.9920250177383 0.3093449473381 1.760992915933e-07 19.34729766846
0.9930250048637 0.3093449473381 1.862268419472e-07 19.34729766846
0.9940249919891 0.3093449473381 9.452522675701e-08 19.34729766846
0.9950249791145 0.3093449473381 3.579103013962e-09 19.34729766846
0.9960250258446 0.3093449771404 -6.59119692159e-08 19.34729957581
0.99702501297 0.3093449771404 -3.415134175455e-09 19.34729957581
0.9980250000954 0.3093449771404 5.360608312799e-08 19.34729957581
0.9990249872208 0.3093449771404 6.120337303628e-08 19.34729957581
