1.250000059371814132e-04 1.000000000000000000e+00 -1.016439536705160407e-15 1.500000000000000000e+00 1.414213562373095145e+00
1.012500002980232239e-02 1.000000000000000000e+00 -3.648594420297898711e-15 1.500000000000000000e+00 1.414213562373095145e+00
2.012499980628490448e-02 1.000000000000000000e+00 -2.389479944204381257e-15 1.500000000000000000e+00 1.414213562373095145e+00
3.012499958276748657e-02 1.000000000000000000e+00 4.815382305140697428e-16 1.500000000000000000e+00 1.414213562373095145e+00
4.012500122189521790e-02 1.000000000000000000e+00 -1.313748101191419826e-15 1.500000000000000000e+00 1.414213562373095145e+00
5.012499913573265076e-02 1.000000000000000000e+00 1.645785016515105559e-15 1.500000000000000000e+00 1.414213562373095145e+00
6.012500077486038208e-02 1.000000000000000000e+00 2.159086982551211564e-15 1.500000000000000000e+00 1.414213562373095145e+00
7.012499868869781494e-02 1.000000000000000000e+00 1.289607662194672266e-15 1.500000000000000000e+00 1.414213562373095145e+00
8.012499660253524780e-02 1.000000000000000000e+00 -3.210254870093798285e-15 1.500000000000000000e+00 1.414213562373095145e+00
9.012500196695327759e-02 1.000000000000000000e+00 -3.359756185284182295e-15 1.500000000000000000e+00 1.414213562373095145e+00
1.001249998807907104e-01 1.000000000000000000e+00 -5.476068003999051692e-16 1.500000000000000000e+00 1.414213562373095145e+00
1.101249977946281433e-01 1.000000000000000000e+00 7.983285527871780696e-16 1.500000000000000000e+00 1.414213562373095145e+00
1.201250031590461731e-01 1.000000000000000000e+00 3.365261899441335247e-15 1.500000000000000000e+00 1.414213562373095145e+00
1.301250010728836060e-01 1.000000000000000000e+00 7.394597629530041960e-16 1.500000000000000000e+00 1.414213562373095145e+00
1.401250064373016357e-01 1.000000000000000000e+00 -1.370922825131085099e-15 1.500000000000000000e+00 1.414213562373095145e+00
1.501249969005584717e-01 1.000000000000000000e+00 2.228543684226064192e-15 1.500000000000000000e+00 1.414213562373095145e+00
1.601250022649765015e-01 1.000000000000000000e+00 4.041617707823894068e-15 1.500000000000000000e+00 1.414213562373095145e+00
1.701249927282333374e-01 1.000000000000000000e+00 2.335693352053733185e-15 1.500000000000000000e+00 1.414213562373095145e+00
1.801249980926513672e-01 1.000000000000000000e+00 2.281059726955830813e-15 1.500000000000000000e+00 1.414213562373095145e+00
1.901250034570693970e-01 1.000000000000000000e+00 -2.512299721556254806e-15 1.500000000000000000e+00 1.414213562373095145e+00
2.001249939203262329e-01 1.000000000000000000e+00 3.048471577168226920e-15 1.500000000000000000e+00 1.414213562373095145e+00
2.101249992847442627e-01 1.000000000000000000e+00 -2.287412474060238066e-15 1.500000000000000000e+00 1.414213562373095145e+00
2.201250046491622925e-01 1.000000000000000000e+00 2.295459287059153919e-15 1.500000000000000000e+00 1.414213562373095145e+00
2.301249951124191284e-01 1.000000000000000000e+00 5.493008662944137699e-16 1.500000000000000000e+00 1.414213562373095145e+00
2.401250004768371582e-01 1.000000000000000000e+00 1.512377327322553255e-15 1.500000000000000000e+00 1.414213562373095145e+00
2.501249909400939941e-01 1.000000000000000000e+00 2.273436430430542110e-15 1.500000000000000000e+00 1.414213562373095145e+00
2.601250112056732178e-01 1.000000000000000000e+00 -9.486769009248163798e-16 1.500000000000000000e+00 1.414213562373095145e+00
2.701250016689300537e-01 1.000000000000000000e+00 -3.812071779117978676e-15 1.500000000000000000e+00 1.414213562373095145e+00
2.801249921321868896e-01 1.000000000000000000e+00 1.569975567735845678e-15 1.500000000000000000e+00 1.414213562373095145e+00
2.901250123977661133e-01 1.000000000000000000e+00 -3.291993549503838268e-15 1.500000000000000000e+00 1.414213562373095145e+00
3.001250028610229492e-01 1.000000000000000000e+00 -3.059906521956159975e-15 1.500000000000000000e+00 1.414213562373095145e+00
3.101249933242797852e-01 1.000000000000000000e+00 -3.854423426480693693e-15 1.500000000000000000e+00 1.414213562373095145e+00
3.201250135898590088e-01 1.000000000000000000e+00 -2.643589828380671358e-15 1.500000000000000000e+00 1.414213562373095145e+00
3.301250040531158447e-01 1.000000000000000000e+00 2.129440829397311052e-15 1.500000000000000000e+00 1.414213562373095145e+00
3.401249945163726807e-01 1.000000000000000000e+00 -3.439377282326086527e-15 1.500000000000000000e+00 1.414213562373095145e+00
3.501250147819519043e-01 1.000000000000000000e+00 -1.867284132222105097e-15 1.500000000000000000e+00 1.414213562373095145e+00
3.601250052452087402e-01 1.000000000000000000e+00 -3.195855309990475179e-15 1.500000000000000000e+00 1.414213562373095145e+00
3.701249957084655762e-01 1.000000000000000000e+00 1.808415342387931224e-16 1.500000000000000000e+00 1.414213562373095145e+00
3.801249861717224121e-01 1.000000000000000000e+00 -2.774456418731460761e-15 1.500000000000000000e+00 1.414213562373095145e+00
3.901250064373016357e-01 1.000000000000000000e+00 -3.841717932271879188e-15 1.500000000000000000e+00 1.414213562373095145e+00
4.001249969005584717e-01 1.000000000000000000e+00 -1.659337543671174364e-15 1.500000000000000000e+00 1.414213562373095145e+00
4.101249873638153076e-01 1.000000000000000000e+00 2.495782579084795949e-15 1.500000000000000000e+00 1.414213562373095145e+00
4.201250076293945312e-01 1.000000000000000000e+00 -3.325027834446755981e-15 1.500000000000000000e+00 1.414213562373095145e+00
4.301249980926513672e-01 1.000000000000000000e+00 7.526368417387629961e-12 1.500000000000000000e+00 1.414213562373095145e+00
4.401249885559082031e-01 1.000000000000000000e+00 6.893500093668736284e-12 1.500000000000000000e+00 1.414213562373095145e+00
4.501250088214874268e-01 1.000000000000000000e+00 4.996923985700618687e-10 1.500000000000000000e+00 1.414213562373095145e+00
4.601249992847442627e-01 9.999930858612060547e-01 9.125432370638009161e-06 1.499993085861206055e+00 1.414208462613620432e+00
4.701301455497741699e-01 9.977864623069763184e-01 2.930378774181008339e-03 1.497785687446594238e+00 1.412574706735291841e+00
4.802068173885345459e-01 9.860758185386657715e-01 1.850527897477149963e-02 1.486043334007263184e+00 1.403934092446492032e+00
4.904193580150604248e-01 9.722576141357421875e-01 3.704047203063964844e-02 1.472127795219421387e+00 1.393804175044207394e+00
5.007798671722412109e-01 9.581563472747802734e-01 5.613514035940170288e-02 1.457859039306640625e+00 1.383541628452620742e+00
5.112947821617126465e-01 9.439134597778320312e-01 7.561028003692626953e-02 1.443375706672668457e+00 1.373254569525846902e+00
5.219702720642089844e-01 9.295622706413269043e-01 9.543032944202423096e-02 1.428708434104919434e+00 1.362970912906512844e+00
5.328123569488525391e-01 9.151128530502319336e-01 1.155905574560165405e-01 1.413864254951477051e+00 1.352701675487905320e+00
5.438276529312133789e-01 9.005703330039978027e-01 1.360935717821121216e-01 1.398845314979553223e+00 1.342454081308149361e+00
5.550228357315063477e-01 8.859385251998901367e-01 1.569437086582183838e-01 1.383652448654174805e+00 1.332234595996111270e+00
5.664049983024597168e-01 8.712203502655029297e-01 1.781470179557800293e-01 1.368285179138183594e+00 1.322049094096056088e+00
5.779817104339599609e-01 8.564165234565734863e-01 1.997130364179611206e-01 1.352740883827209473e+00 1.311902029888508459e+00
5.897608399391174316e-01 8.415253162384033203e-01 2.216554433107376099e-01 1.337014436721801758e+00 1.301796293949479377e+00
6.017509698867797852e-01 8.265445828437805176e-01 2.439894974231719971e-01 1.321099400520324707e+00 1.291734635353676053e+00
6.139611005783081055e-01 8.114717602729797363e-01 2.667315602302551270e-01 1.304989099502563477e+00 1.281719796916288789e+00
6.264008879661560059e-01 7.963042855262756348e-01 2.898991405963897705e-01 1.288676738739013672e+00 1.271754753448202768e+00
6.390806436538696289e-01 7.810394167900085449e-01 3.135109245777130127e-01 1.272154688835144043e+00 1.261842669193938837e+00
6.520115733146667480e-01 7.656744122505187988e-01 3.375866711139678955e-01 1.255415201187133789e+00 1.251986962900540012e+00
6.652055382728576660e-01 7.502065300941467285e-01 3.621473014354705811e-01 1.238450169563293457e+00 1.242191186630091648e+00
6.786752939224243164e-01 7.346330285072326660e-01 3.872150480747222900e-01 1.221251010894775391e+00 1.232459357440347070e+00
6.924347877502441406e-01 7.189515233039855957e-01 4.128131270408630371e-01 1.203809380531311035e+00 1.222795853967810320e+00
7.064987421035766602e-01 7.031601071357727051e-01 4.389651119709014893e-01 1.186116814613342285e+00 1.213205861648473327e+00
7.208833098411560059e-01 6.872586011886596680e-01 4.656935632228851318e-01 1.168166518211364746e+00 1.203695669166615190e+00
7.356058359146118164e-01 6.712501645088195801e-01 4.930166304111480713e-01 1.149955153465270996e+00 1.194273874963875048e+00
7.506847977638244629e-01 6.551535129547119141e-01 5.209267735481262207e-01 1.131496906280517578e+00 1.184958118114175063e+00
7.661391496658325195e-01 6.390680074691772461e-01 5.492728948593139648e-01 1.112899780273437500e+00 1.175810926842216331e+00
7.819802165031433105e-01 6.240555047988891602e-01 5.761556625366210938e-01 1.095401883125305176e+00 1.167423565672553565e+00
7.980959415435791016e-01 6.191662549972534180e-01 5.850027203559875488e-01 1.089673161506652832e+00 1.164723669246948923e+00
8.142473101615905762e-01 6.191397309303283691e-01 5.850508213043212891e-01 1.089642047882080078e+00 1.164708836762598176e+00
8.303987383842468262e-01 6.191413402557373047e-01 5.850479006767272949e-01 1.089643955230712891e+00 1.164709446464791354e+00
8.465501070022583008e-01 6.191419363021850586e-01 5.850467681884765625e-01 1.089644670486450195e+00 1.164709587849613204e+00
8.627015352249145508e-01 6.191422939300537109e-01 5.850460529327392578e-01 1.089645147323608398e+00 1.164709525267222157e+00
8.788528442382812500e-01 6.191425323486328125e-01 5.850455760955810547e-01 1.089645504951477051e+00 1.164709380951499451e+00
8.950042128562927246e-01 6.191427707672119141e-01 5.850451588630676270e-01 1.089645743370056152e+00 1.164709206077472858e+00
9.111555814743041992e-01 6.191428899765014648e-01 5.850449204444885254e-01 1.089645981788635254e+00 1.164708949470028010e+00
9.273069500923156738e-01 6.191430091857910156e-01 5.850446224212646484e-01 1.089646220207214355e+00 1.164708672246395738e+00
9.434582591056823730e-01 6.191430687904357910e-01 5.850444436073303223e-01 1.089646339416503906e+00 1.164708313289382957e+00
9.596096277236938477e-01 6.191431283950805664e-01 5.850442647933959961e-01 1.089646577835083008e+00 1.164707933716323085e+00
9.757609367370605469e-01 6.191431879997253418e-01 5.850440859794616699e-01 1.089646697044372559e+00 1.164707502968636899e+00
9.919123053550720215e-01 6.191431879997253418e-01 5.850439071655273438e-01 1.089646816253662109e+00 1.164707030988911596e+00
1.008063673973083496e+00 6.191431879997253418e-01 5.850438475608825684e-01 1.089647054672241211e+00 1.164706456659915457e+00
1.024214982986450195e+00 6.191431879997253418e-01 5.850437283515930176e-01 1.089647173881530762e+00 1.164705810540622943e+00
1.040366291999816895e+00 6.191431283950805664e-01 5.850436687469482422e-01 1.089647412300109863e+00 1.164705041456447265e+00
1.056517601013183594e+00 6.191430687904357910e-01 5.850435495376586914e-01 1.089647650718688965e+00 1.164703731525809749e+00
1.072668910026550293e+00 6.191432476043701172e-01 5.850433111190795898e-01 1.089648246765136719e+00 1.164698804250029029e+00
1.088820695877075195e+00 6.189107298851013184e-01 5.851765275001525879e-01 1.089376091957092285e+00 1.167427267476999431e+00
1.105285406112670898e+00 5.925296545028686523e-01 6.003097891807556152e-01 1.058220744132995605e+00 1.440049995926286464e+00
1.122223734855651855e+00 5.900763869285583496e-01 6.017275452613830566e-01 1.055305719375610352e+00 1.462445929097123010e+00
1.139170527458190918e+00 5.900731682777404785e-01 6.017275452613830566e-01 1.055311918258666992e+00 1.462441526862159780e+00
1.156117558479309082e+00 5.900685787200927734e-01 6.017273664474487305e-01 1.055321216583251953e+00 1.462434075229587904e+00
1.173064589500427246e+00 5.900607705116271973e-01 6.017273664474487305e-01 1.055335521697998047e+00 1.462426975247546723e+00
1.190011858940124512e+00 5.900467634201049805e-01 6.017273664474487305e-01 1.055361032485961914e+00 1.462415875810668675e+00
1.206959366798400879e+00 5.900156497955322266e-01 6.017274260520935059e-01 1.055416941642761230e+00 1.462395530627455864e+00
1.223906993865966797e+00 5.899018645286560059e-01 6.017274856567382812e-01 1.055620789527893066e+00 1.462342202954397763e+00
1.240776538848876953e+00 3.850366175174713135e-01 6.017276048660278320e-01 1.617282271385192871e+00 1.462462880078671867e+00
1.247305035591125488e+00 3.067869246006011963e-01 6.017276048660278320e-01 2.029789447784423828e+00 1.461830766720811692e+00
1.253821849822998047e+00 3.069123923778533936e-01 6.017276644706726074e-01 2.028959989547729492e+00 1.461835242203881169e+00
1.260338425636291504e+00 3.069243133068084717e-01 6.017276644706726074e-01 2.028881311416625977e+00 1.461837669763814240e+00
1.266854643821716309e+00 3.069307506084442139e-01 6.017277240753173828e-01 2.028838872909545898e+00 1.461837984561068282e+00
1.273370623588562012e+00 3.069370388984680176e-01 6.017277836799621582e-01 2.028797626495361328e+00 1.461838503042990123e+00
1.279886603355407715e+00 3.069374263286590576e-01 6.017278432846069336e-01 2.028795242309570312e+00 1.461838079028551896e+00
1.286402583122253418e+00 3.069390654563903809e-01 6.017279028892517090e-01 2.028784513473510742e+00 1.461838016097559922e+00
1.292918562889099121e+00 3.069409132003784180e-01 6.017279624938964844e-01 2.028772592544555664e+00 1.461837830956109308e+00
1.299434423446655273e+00 3.069408535957336426e-01 6.017279624938964844e-01 2.028773307800292969e+00 1.461837442130229814e+00
1.305950403213500977e+00 3.069416284561157227e-01 6.017280817031860352e-01 2.028768539428710938e+00 1.461837216252115823e+00
1.312466263771057129e+00 3.069419860839843750e-01 6.017281413078308105e-01 2.028766632080078125e+00 1.461836612645059930e+00
1.318982124328613281e+00 3.069419562816619873e-01 6.017282009124755859e-01 2.028767108917236328e+00 1.461835968301161026e+00
1.325497984886169434e+00 3.069425225257873535e-01 6.017283201217651367e-01 2.028763771057128906e+00 1.461835399883080200e+00
1.332013845443725586e+00 3.069428801536560059e-01 6.017283797264099121e-01 2.028761863708496094e+00 1.461834709254294928e+00
1.338529706001281738e+00 3.069431781768798828e-01 6.017284393310546875e-01 2.028760671615600586e+00 1.461833798296463760e+00
1.345045566558837891e+00 3.069436550140380859e-01 6.017285585403442383e-01 2.028758049011230469e+00 1.461832672557974888e+00
1.351561427116394043e+00 3.069440126419067383e-01 6.017287373542785645e-01 2.028756618499755859e+00 1.461831326491230598e+00
1.358077406883239746e+00 3.069444596767425537e-01 6.017289161682128906e-01 2.028754711151123047e+00 1.461829765644574453e+00
1.364593148231506348e+00 3.069447875022888184e-01 6.017291545867919922e-01 2.028753995895385742e+00 1.461827758595236615e+00
1.371109008789062500e+00 3.069447278976440430e-01 6.017293930053710938e-01 2.028756141662597656e+00 1.461825183134585648e+00
1.377624869346618652e+00 3.069447278976440430e-01 6.017297506332397461e-01 2.028758049011230469e+00 1.461822131834156879e+00
1.384140729904174805e+00 3.069448471069335938e-01 6.017301678657531738e-01 2.028760194778442383e+00 1.461817647462670955e+00
1.390656590461730957e+00 3.069450855255126953e-01 6.017307639122009277e-01 2.028763294219970703e+00 1.461810593214419640e+00
1.397172451019287109e+00 3.069455325603485107e-01 6.017317771911621094e-01 2.028767108917236328e+00 1.461800365526252810e+00
1.403688192367553711e+00 3.069464564323425293e-01 6.017335057258605957e-01 2.028772592544555664e+00 1.461781697007340508e+00
1.410203933715820312e+00 3.069485723972320557e-01 6.017369031906127930e-01 2.028782844543457031e+00 1.461743670001990791e+00
1.416719675064086914e+00 3.069526255130767822e-01 6.017432212829589844e-01 2.028800964355468750e+00 1.461672967158069270e+00
1.423382282257080078e+00 2.846320867538452148e-01 5.663551092147827148e-01 1.928071856498718262e+00 1.803443484146222575e+00
1.430409193038940430e+00 2.846156358718872070e-01 5.663272142410278320e-01 1.927997708320617676e+00 1.803668376895282810e+00
1.437436223030090332e+00 2.846152186393737793e-01 5.663266181945800781e-01 1.927995800971984863e+00 1.803674265625963447e+00
1.444463253021240234e+00 2.846147716045379639e-01 5.663260817527770996e-01 1.927994608879089355e+00 1.803679261118539934e+00
1.451490283012390137e+00 2.846147119998931885e-01 5.663260221481323242e-01 1.927994251251220703e+00 1.803680187381401678e+00
1.458517313003540039e+00 2.846147119998931885e-01 5.663257837295532227e-01 1.927992582321166992e+00 1.803682503139325766e+00
1.465544342994689941e+00 2.846147716045379639e-01 5.663259029388427734e-01 1.927992582321166992e+00 1.803682106140735319e+00
1.472571372985839844e+00 2.846147418022155762e-01 5.663258433341979980e-01 1.927991986274719238e+00 1.803683264120122587e+00
1.479598402976989746e+00 2.846148014068603516e-01 5.663259029388427734e-01 1.927991747856140137e+00 1.803683264120122587e+00
1.486625432968139648e+00 2.846148014068603516e-01 5.663259029388427734e-01 1.927991390228271484e+00 1.803683826601719664e+00
1.493652462959289551e+00 2.846149206161499023e-01 5.663259029388427734e-01 1.927990436553955078e+00 1.803683926051659281e+00
1.500679492950439453e+00 2.846151292324066162e-01 5.663259625434875488e-01 1.927988886833190918e+00 1.803684257017537540e+00
1.507706642150878906e+00 2.846153676509857178e-01 5.663260221481323242e-01 1.927987337112426758e+00 1.803684389484040196e+00
1.514733672142028809e+00 2.846156358718872070e-01 5.663260221481323242e-01 1.927985548973083496e+00 1.803684422700843060e+00
1.521760702133178711e+00 2.846159040927886963e-01 5.663260817527770996e-01 1.927983880043029785e+00 1.803684654417134325e+00
1.528787732124328613e+00 2.846161723136901855e-01 5.663261413574218750e-01 1.927982091903686523e+00 1.803684654617534244e+00
1.535814762115478516e+00 2.846161723136901855e-01 5.663262009620666504e-01 1.927982091903686523e+00 1.803684852916616954e+00
1.542841792106628418e+00 2.846159040927886963e-01 5.663262605667114258e-01 1.927984118461608887e+00 1.803685117448998732e+00
1.549868822097778320e+00 2.846156656742095947e-01 5.663263797760009766e-01 1.927985787391662598e+00 1.803685282731636086e+00
1.556895852088928223e+00 2.846154272556304932e-01 5.663264393806457520e-01 1.927987456321716309e+00 1.803685514247572508e+00
1.563922882080078125e+00 2.846151888370513916e-01 5.663264989852905273e-01 1.927989125251770020e+00 1.803685646513763841e+00
1.570949912071228027e+00 2.846150100231170654e-01 5.663266181945800781e-01 1.927990436553955078e+00 1.803685811796400085e+00
1.577976942062377930e+00 2.846148908138275146e-01 5.663266777992248535e-01 1.927991390228271484e+00 1.803685911046147394e+00
1.585003972053527832e+00 2.846148610115051270e-01 5.663267970085144043e-01 1.927991867065429688e+00 1.803686109545649563e+00
1.592031002044677734e+00 2.846148610115051270e-01 5.663269162178039551e-01 1.927991986274719238e+00 1.803686241811842672e+00
1.599058032035827637e+00 2.846148610115051270e-01 5.663269758224487305e-01 1.927992105484008789e+00 1.803686374078036003e+00
1.606085062026977539e+00 2.846148610115051270e-01 5.663270950317382812e-01 1.927992343902587891e+00 1.803686605593985970e+00
1.613112092018127441e+00 2.846148014068603516e-01 5.663272142410278320e-01 1.927993059158325195e+00 1.803686737860180189e+00
1.620139122009277344e+00 2.846148610115051270e-01 5.663273334503173828e-01 1.927992939949035645e+00 1.803686870126374631e+00
1.627166152000427246e+00 2.846149802207946777e-01 5.663274526596069336e-01 1.927992224693298340e+00 1.803687101642329704e+00
1.634193181991577148e+00 2.846150398254394531e-01 5.663276314735412598e-01 1.927992105484008789e+00 1.803687167875661856e+00
1.641220211982727051e+00 2.846150994300842285e-01 5.663277506828308105e-01 1.927991986274719238e+00 1.803687267125429150e+00
1.648247241973876953e+00 2.846151590347290039e-01 5.663279294967651367e-01 1.927991867065429688e+00 1.803687432608547025e+00
1.655274271965026855e+00 2.846152186393737793e-01 5.663281083106994629e-01 1.927991628646850586e+00 1.803687598091683109e+00
1.662301182746887207e+00 2.846154570579528809e-01 5.663282871246337891e-01 1.927990436553955078e+00 1.803687565275810867e+00
1.669328212738037109e+00 2.846156954765319824e-01 5.663284659385681152e-01 1.927989006042480469e+00 1.803687697742586638e+00
1.676355242729187012e+00 2.846159934997558594e-01 5.663286447525024414e-01 1.927987456321716309e+00 1.803687830209391940e+00
1.683382272720336914e+00 2.846162915229797363e-01 5.663288831710815430e-01 1.927985787391662598e+00 1.803687962676226997e+00
1.690409302711486816e+00 2.846165895462036133e-01 5.663290619850158691e-01 1.927984237670898438e+00 1.803688095143091585e+00
1.697436332702636719e+00 2.846167981624603271e-01 5.663293600082397461e-01 1.927983283996582031e+00 1.803688260626365780e+00
1.704463362693786621e+00 2.846165895462036133e-01 5.663295388221740723e-01 1.927985310554504395e+00 1.803688690441384468e+00
1.711490392684936523e+00 2.846163511276245117e-01 5.663298368453979492e-01 1.927987217903137207e+00 1.803688954973809988e+00
1.718517422676086426e+00 2.846161723136901855e-01 5.663301348686218262e-01 1.927989125251770020e+00 1.803689285739695336e+00
1.725544452667236328e+00 2.846159636974334717e-01 5.663304924964904785e-01 1.927991151809692383e+00 1.803689649521965421e+00
1.732571482658386230e+00 2.846158146858215332e-01 5.663308501243591309e-01 1.927992820739746094e+00 1.803689881038024634e+00
1.739598393440246582e+00 2.846157252788543701e-01 5.663312077522277832e-01 1.927994132041931152e+00 1.803690278037425099e+00
1.746625423431396484e+00 2.846156954765319824e-01 5.663318634033203125e-01 1.927994728088378906e+00 1.803690509553500299e+00
1.753652453422546387e+00 2.846159636974334717e-01 5.663310289382934570e-01 1.927996277809143066e+00 1.803691733568310029e+00
1.760679483413696289e+00 2.846096754074096680e-01 5.663008689880371094e-01 1.927967905998229980e+00 1.803665630932119956e+00
1.770125031471252441e+00 2.000000029802322388e-01 -2.077348303141171582e-15 1.500000000000000000e+00 1.414213562373095145e+00
1.780125021934509277e+00 2.000000029802322388e-01 5.865703159736029848e-16 1.500000000000000000e+00 1.414213562373095145e+00
1.790125012397766113e+00 2.000000029802322388e-01 2.538981259394765266e-15 1.500000000000000000e+00 1.414213562373095145e+00
1.800125002861022949e+00 2.000000029802322388e-01 -3.737532879759600246e-15 1.500000000000000000e+00 1.414213562373095145e+00
1.810124993324279785e+00 2.000000029802322388e-01 2.850265867510720641e-15 1.500000000000000000e+00 1.414213562373095145e+00
1.820124983787536621e+00 2.000000029802322388e-01 -1.759710947920808954e-15 1.500000000000000000e+00 1.414213562373095145e+00
1.830124974250793457e+00 2.000000029802322388e-01 3.538480137154839666e-15 1.500000000000000000e+00 1.414213562373095145e+00
1.840124964714050293e+00 2.000000029802322388e-01 2.155698850762194363e-15 1.500000000000000000e+00 1.414213562373095145e+00
1.850124955177307129e+00 2.000000029802322388e-01 5.484538333471594695e-16 1.500000000000000000e+00 1.414213562373095145e+00
1.860124945640563965e+00 2.000000029802322388e-01 -3.231430693775155794e-15 1.500000000000000000e+00 1.414213562373095145e+00
1.870125055313110352e+00 2.000000029802322388e-01 -3.864587821847745297e-15 1.500000000000000000e+00 1.414213562373095145e+00
1.880125045776367188e+00 2.000000029802322388e-01 -3.066259269060567227e-15 1.500000000000000000e+00 1.414213562373095145e+00
1.890125036239624023e+00 2.000000029802322388e-01 1.166567016597230833e-11 1.500000000000000000e+00 1.414213562373095145e+00
1.900125026702880859e+00 2.000000029802322388e-01 1.169054089644738781e-11 1.500000000000000000e+00 1.414213562373095145e+00
1.910125017166137695e+00 2.000000029802322388e-01 1.168826493924690624e-11 1.500000000000000000e+00 1.414213562373095145e+00
1.920125007629394531e+00 2.000000029802322388e-01 1.170466588235052896e-11 1.500000000000000000e+00 1.414213562373095145e+00
1.930124998092651367e+00 2.000000029802322388e-01 1.228539752567980869e-11 1.500000000000000000e+00 1.414213562373095145e+00
1.940124988555908203e+00 2.000000029802322388e-01 1.899926743709201560e-11 1.500000000000000000e+00 1.414213562373095145e+00
1.950124979019165039e+00 2.000000029802322388e-01 2.409741330089421041e-11 1.500000000000000000e+00 1.414213562373095145e+00
1.960124969482421875e+00 2.000000029802322388e-01 1.694800549900676856e-11 1.500000000000000000e+00 1.414213562373095145e+00
1.970124959945678711e+00 2.000000029802322388e-01 1.737965327208712552e-11 1.500000000000000000e+00 1.414213562373095145e+00
1.980124950408935547e+00 2.000000029802322388e-01 1.920777946418095183e-11 1.500000000000000000e+00 1.414213562373095145e+00
1.990124940872192383e+00 2.000000029802322388e-01 2.274731271401098098e-11 1.500000000000000000e+00 1.414213562373095145e+00
2.000124931335449219e+00 2.000000029802322388e-01 1.838104841944687706e-11 1.500000000000000000e+00 1.414213562373095145e+00
2.010124921798706055e+00 2.000000029802322388e-01 2.072254000340389979e-11 1.500000000000000000e+00 1.414213562373095145e+00
2.020124912261962891e+00 2.000000029802322388e-01 1.843526373224158021e-11 1.500000000000000000e+00 1.414213562373095145e+00
2.030124902725219727e+00 2.000000029802322388e-01 1.728104812026565185e-11 1.500000000000000000e+00 1.414213562373095145e+00
2.040124893188476562e+00 2.000000029802322388e-01 1.650140961373391946e-11 1.500000000000000000e+00 1.414213562373095145e+00
2.050124883651733398e+00 2.000000029802322388e-01 1.885937760126576990e-11 1.500000000000000000e+00 1.414213562373095145e+00
2.060125112533569336e+00 2.000000029802322388e-01 1.764974971729671438e-11 1.500000000000000000e+00 1.414213562373095145e+00
2.070125102996826172e+00 2.000000029802322388e-01 1.876067010075921360e-11 1.500000000000000000e+00 1.414213562373095145e+00
2.080125093460083008e+00 2.000000029802322388e-01 1.810846958494316539e-11 1.500000000000000000e+00 1.414213562373095145e+00
2.090125083923339844e+00 2.000000029802322388e-01 1.892339583642321799e-11 1.500000000000000000e+00 1.414213562373095145e+00
2.100125074386596680e+00 2.000000029802322388e-01 1.888871697941496564e-11 1.500000000000000000e+00 1.414213562373095145e+00
2.110125064849853516e+00 2.000000029802322388e-01 1.830608928332644325e-11 1.500000000000000000e+00 1.414213562373095145e+00
2.120125055313110352e+00 2.000000029802322388e-01 1.803321728055529150e-11 1.500000000000000000e+00 1.414213562373095145e+00
2.130125045776367188e+00 2.000000029802322388e-01 1.943910137025550711e-11 1.500000000000000000e+00 1.414213562373095145e+00
2.140125036239624023e+00 2.000000029802322388e-01 1.867782664644046520e-11 1.500000000000000000e+00 1.414213562373095145e+00
2.150125026702880859e+00 2.000000029802322388e-01 1.880636098239296672e-11 1.500000000000000000e+00 1.414213562373095145e+00
2.160125017166137695e+00 2.000000029802322388e-01 1.820544409669722086e-11 1.500000000000000000e+00 1.414213562373095145e+00
2.170125007629394531e+00 2.000000029802322388e-01 1.769065102741329554e-11 1.500000000000000000e+00 1.414213562373095145e+00
2.180124998092651367e+00 2.000000029802322388e-01 1.793473182465366023e-11 1.500000000000000000e+00 1.414213562373095145e+00
2.190124988555908203e+00 2.000000029802322388e-01 1.857755269063510184e-11 1.500000000000000000e+00 1.414213562373095145e+00
2.200124979019165039e+00 2.000000029802322388e-01 1.767105038685823359e-11 1.500000000000000000e+00 1.414213562373095145e+00
2.210124969482421875e+00 2.000000029802322388e-01 1.806238839052731748e-11 1.500000000000000000e+00 1.414213562373095145e+00
2.220124959945678711e+00 2.000000029802322388e-01 1.891463374814605913e-11 1.500000000000000000e+00 1.414213562373095145e+00
2.230124950408935547e+00 2.000000029802322388e-01 1.759647809407294261e-11 1.500000000000000000e+00 1.414213562373095145e+00
2.240124940872192383e+00 2.000000029802322388e-01 1.817598155318123077e-11 1.500000000000000000e+00 1.414213562373095145e+00
2.250124931335449219e+00 2.000000029802322388e-01 1.808119452773038205e-11 1.500000000000000000e+00 1.414213562373095145e+00
2.260124921798706055e+00 2.000000029802322388e-01 2.116331242196789475e-11 1.500000000000000000e+00 1.414213562373095145e+00
2.270124912261962891e+00 2.000000029802322388e-01 1.748612886431910596e-11 1.500000000000000000e+00 1.414213562373095145e+00
2.280124902725219727e+00 2.000000029802322388e-01 1.805165565638144898e-11 1.500000000000000000e+00 1.414213562373095145e+00
2.290124893188476562e+00 2.000000029802322388e-01 1.834320542681844302e-11 1.500000000000000000e+00 1.414213562373095145e+00
2.300124883651733398e+00 2.000000029802322388e-01 1.734298295252845179e-11 1.500000000000000000e+00 1.414213562373095145e+00
2.310125112533569336e+00 2.000000029802322388e-01 2.000022196468886904e-11 1.500000000000000000e+00 1.414213562373095145e+00
2.320125102996826172e+00 2.000000029802322388e-01 1.832440102433885443e-11 1.500000000000000000e+00 1.414213562373095145e+00
2.330125093460083008e+00 2.000000029802322388e-01 1.852538088209509937e-11 1.500000000000000000e+00 1.414213562373095145e+00
2.340125083923339844e+00 2.000000029802322388e-01 1.835891334789341300e-11 1.500000000000000000e+00 1.414213562373095145e+00
2.350125074386596680e+00 2.000000029802322388e-01 1.847175711000570431e-11 1.500000000000000000e+00 1.414213562373095145e+00
2.360125064849853516e+00 2.000000029802322388e-01 1.777565768190658702e-11 1.500000000000000000e+00 1.414213562373095145e+00
2.370125055313110352e+00 2.000000029802322388e-01 1.822965389752795318e-11 1.500000000000000000e+00 1.414213562373095145e+00
2.380125045776367188e+00 2.000000029802322388e-01 1.990588249789482234e-11 1.500000000000000000e+00 1.414213562373095145e+00
2.390125036239624023e+00 2.000000029802322388e-01 1.812737113193740868e-11 1.500000000000000000e+00 1.414213562373095145e+00
2.400125026702880859e+00 2.000000029802322388e-01 1.835235088898379274e-11 1.500000000000000000e+00 1.414213562373095145e+00
2.410125017166137695e+00 2.000000029802322388e-01 1.784730002674095317e-11 1.500000000000000000e+00 1.414213562373095145e+00
2.420125007629394531e+00 2.000000029802322388e-01 1.829754230076030552e-11 1.500000000000000000e+00 1.414213562373095145e+00
2.430124998092651367e+00 2.000000029802322388e-01 2.116080227709815631e-11 1.500000000000000000e+00 1.414213562373095145e+00
2.440124988555908203e+00 2.000000029802322388e-01 1.756336395764002134e-11 1.500000000000000000e+00 1.414213562373095145e+00
2.450124979019165039e+00 2.000000029802322388e-01 1.814236955111070415e-11 1.500000000000000000e+00 1.414213562373095145e+00
2.460124969482421875e+00 2.000000029802322388e-01 1.824356464508181119e-11 1.500000000000000000e+00 1.414213562373095145e+00
2.470124959945678711e+00 2.000000029802322388e-01 2.072502586214497455e-11 1.500000000000000000e+00 1.414213562373095145e+00
2.480124950408935547e+00 2.000000029802322388e-01 1.860950803178607060e-11 1.500000000000000000e+00 1.414213562373095145e+00
2.490124940872192383e+00 2.000000029802322388e-01 1.814411468292753682e-11 1.500000000000000000e+00 1.414213562373095145e+00
